#Layer_Color=9474304
#
#Feature symbol names
#
$0 r5
$1 r6.6666

#
#Feature attribute names
#

#
#Layer features
#
A 5.3528069 1.9933292 5.3528069 1.9933292 5.3328069 1.9933292 1 P 0 N
A 5.3528069 2.0933292 5.3528069 2.0933292 5.3328069 2.0933292 1 P 0 N
A 5.4528069 1.9933292 5.4528069 1.9933292 5.4328069 1.9933292 1 P 0 N
A 5.4528069 2.0933292 5.4528069 2.0933292 5.4328069 2.0933292 1 P 0 N
A 5.5528069 1.9933292 5.5528069 1.9933292 5.5328069 1.9933292 1 P 0 N
A 5.5528069 2.0933292 5.5528069 2.0933292 5.5328069 2.0933292 1 P 0 N
A 5.6528069 1.9933292 5.6528069 1.9933292 5.6328069 1.9933292 1 P 0 N
A 5.6528069 2.0933292 5.6528069 2.0933292 5.6328069 2.0933292 1 P 0 N
A 5.7528069 1.9933292 5.7528069 1.9933292 5.7328069 1.9933292 1 P 0 N
A 5.7528069 2.0933292 5.7528069 2.0933292 5.7328069 2.0933292 1 P 0 N
A 5.8528069 1.9933292 5.8528069 1.9933292 5.8328069 1.9933292 1 P 0 N
A 5.8528069 2.0933292 5.8528069 2.0933292 5.8328069 2.0933292 1 P 0 N
A 5.9528069 1.9933292 5.9528069 1.9933292 5.9328069 1.9933292 1 P 0 N
A 5.9528069 2.0933292 5.9528069 2.0933292 5.9328069 2.0933292 1 P 0 N
L 5.26 1.34 5.27 1.36 0 P 0
L 5.26 1.34 5.28 1.35 0 P 0
L 5.26 1.38 5.27 1.36 0 P 0
L 5.26 1.38 5.28 1.37 0 P 0
L 5.26 1.5 5.27 1.52 0 P 0
L 5.26 1.5 5.28 1.51 0 P 0
L 5.26 1.54 5.27 1.52 0 P 0
L 5.26 1.54 5.28 1.53 0 P 0
L 5.26 1.66 5.27 1.68 0 P 0
L 5.26 1.66 5.28 1.67 0 P 0
L 5.26 1.7 5.27 1.68 0 P 0
L 5.26 1.7 5.28 1.69 0 P 0
L 5.26 1.82 5.27 1.84 0 P 0
L 5.26 1.82 5.28 1.83 0 P 0
L 5.26 1.86 5.27 1.84 0 P 0
L 5.26 1.86 5.28 1.85 0 P 0
L 5.26 1.98 5.27 2 0 P 0
L 5.26 1.98 5.28 1.99 0 P 0
L 5.26 2.02 5.27 2 0 P 0
L 5.26 2.02 5.28 2.01 0 P 0
L 5.28 1.35 5.3 1.34 0 P 0
L 5.28 1.37 5.3 1.38 0 P 0
L 5.28 1.51 5.3 1.5 0 P 0
L 5.28 1.53 5.3 1.54 0 P 0
L 5.28 1.67 5.3 1.66 0 P 0
L 5.28 1.69 5.3 1.7 0 P 0
L 5.28 1.83 5.3 1.82 0 P 0
L 5.28 1.85 5.3 1.86 0 P 0
L 5.28 1.99 5.3 1.98 0 P 0
L 5.28 2.01 5.3 2.02 0 P 0
L 5.29 1.36 5.3 1.34 0 P 0
L 5.29 1.36 5.3 1.38 0 P 0
L 5.29 1.52 5.3 1.5 0 P 0
L 5.29 1.52 5.3 1.54 0 P 0
L 5.29 1.68 5.3 1.66 0 P 0
L 5.29 1.68 5.3 1.7 0 P 0
L 5.29 1.84 5.3 1.82 0 P 0
L 5.29 1.84 5.3 1.86 0 P 0
L 5.29 2 5.3 1.98 0 P 0
L 5.29 2 5.3 2.02 0 P 0
L 5.298246 1.799173 5.298246 1.839173 0 P 0
L 5.298246 1.799173 5.338246 1.799173 0 P 0
L 5.298246 1.839173 5.338246 1.839173 0 P 0
L 5.3 1.42 5.31 1.44 0 P 0
L 5.3 1.42 5.32 1.43 0 P 0
L 5.3 1.46 5.31 1.44 0 P 0
L 5.3 1.46 5.32 1.45 0 P 0
L 5.3 1.58 5.31 1.6 0 P 0
L 5.3 1.58 5.32 1.59 0 P 0
L 5.3 1.62 5.31 1.6 0 P 0
L 5.3 1.62 5.32 1.61 0 P 0
L 5.32 1.43 5.34 1.42 0 P 0
L 5.32 1.45 5.34 1.46 0 P 0
L 5.32 1.59 5.34 1.58 0 P 0
L 5.32 1.61 5.34 1.62 0 P 0
L 5.323666 1.799173 5.323666 1.839173 0 P 0
L 5.323666 1.799173 5.363666 1.799173 0 P 0
L 5.323666 1.839173 5.363666 1.839173 0 P 0
L 5.33 1.44 5.34 1.42 0 P 0
L 5.33 1.44 5.34 1.46 0 P 0
L 5.33 1.6 5.34 1.58 0 P 0
L 5.33 1.6 5.34 1.62 0 P 0
L 5.338246 1.799173 5.338246 1.839173 0 P 0
L 5.34 1.34 5.35 1.36 0 P 0
L 5.34 1.34 5.36 1.35 0 P 0
L 5.34 1.38 5.35 1.36 0 P 0
L 5.34 1.38 5.36 1.37 0 P 0
L 5.34 1.5 5.35 1.52 0 P 0
L 5.34 1.5 5.36 1.51 0 P 0
L 5.34 1.54 5.35 1.52 0 P 0
L 5.34 1.54 5.36 1.53 0 P 0
L 5.34 1.66 5.35 1.68 0 P 0
L 5.34 1.66 5.36 1.67 0 P 0
L 5.34 1.7 5.35 1.68 0 P 0
L 5.34 1.7 5.36 1.69 0 P 0
L 5.36 1.35 5.38 1.34 0 P 0
L 5.36 1.37 5.38 1.38 0 P 0
L 5.36 1.51 5.38 1.5 0 P 0
L 5.36 1.53 5.38 1.54 0 P 0
L 5.36 1.67 5.38 1.66 0 P 0
L 5.36 1.69 5.38 1.7 0 P 0
L 5.363666 1.799173 5.363666 1.839173 0 P 0
L 5.37 1.36 5.38 1.34 0 P 0
L 5.37 1.36 5.38 1.38 0 P 0
L 5.37 1.52 5.38 1.5 0 P 0
L 5.37 1.52 5.38 1.54 0 P 0
L 5.37 1.68 5.38 1.66 0 P 0
L 5.37 1.68 5.38 1.7 0 P 0
L 5.38 1.42 5.39 1.44 0 P 0
L 5.38 1.42 5.4 1.43 0 P 0
L 5.38 1.46 5.39 1.44 0 P 0
L 5.38 1.46 5.4 1.45 0 P 0
L 5.38 1.74 5.39 1.76 0 P 0
L 5.38 1.74 5.4 1.75 0 P 0
L 5.38 1.78 5.39 1.76 0 P 0
L 5.38 1.78 5.4 1.77 0 P 0
L 5.38 1.9 5.39 1.92 0 P 0
L 5.38 1.9 5.4 1.91 0 P 0
L 5.38 1.94 5.39 1.92 0 P 0
L 5.38 1.94 5.4 1.93 0 P 0
L 5.4 1.43 5.42 1.42 0 P 0
L 5.4 1.45 5.42 1.46 0 P 0
L 5.4 1.75 5.42 1.74 0 P 0
L 5.4 1.77 5.42 1.78 0 P 0
L 5.4 1.91 5.42 1.9 0 P 0
L 5.4 1.93 5.42 1.94 0 P 0
L 5.4027556 1.799173 5.4027556 1.839173 0 P 0
L 5.4027556 1.799173 5.4427556 1.799173 0 P 0
L 5.4027556 1.839173 5.4427556 1.839173 0 P 0
L 5.41 1.44 5.42 1.42 0 P 0
L 5.41 1.44 5.42 1.46 0 P 0
L 5.41 1.76 5.42 1.74 0 P 0
L 5.41 1.76 5.42 1.78 0 P 0
L 5.41 1.92 5.42 1.9 0 P 0
L 5.41 1.92 5.42 1.94 0 P 0
L 5.42 1.34 5.43 1.36 0 P 0
L 5.42 1.34 5.44 1.35 0 P 0
L 5.42 1.38 5.43 1.36 0 P 0
L 5.42 1.38 5.44 1.37 0 P 0
L 5.42 1.5 5.43 1.52 0 P 0
L 5.42 1.5 5.44 1.51 0 P 0
L 5.42 1.54 5.43 1.52 0 P 0
L 5.42 1.54 5.44 1.53 0 P 0
L 5.424328 1.6627468 5.424328 1.7027468 0 P 0
L 5.424328 1.6627468 5.464328 1.6627468 0 P 0
L 5.424328 1.7027468 5.464328 1.7027468 0 P 0
L 5.4261532 1.799173 5.4261532 1.839173 0 P 0
L 5.4261532 1.799173 5.4661532 1.799173 0 P 0
L 5.4261532 1.839173 5.4661532 1.839173 0 P 0
L 5.44 1.35 5.46 1.34 0 P 0
L 5.44 1.37 5.46 1.38 0 P 0
L 5.44 1.51 5.46 1.5 0 P 0
L 5.44 1.53 5.46 1.54 0 P 0
L 5.4427556 1.799173 5.4427556 1.839173 0 P 0
L 5.45 1.36 5.46 1.34 0 P 0
L 5.45 1.36 5.46 1.38 0 P 0
L 5.45 1.52 5.46 1.5 0 P 0
L 5.45 1.52 5.46 1.54 0 P 0
L 5.459056 1.6236651 5.459056 1.6636651 0 P 0
L 5.459056 1.6236651 5.499056 1.6236651 0 P 0
L 5.459056 1.6636651 5.499056 1.6636651 0 P 0
L 5.46 1.42 5.47 1.44 0 P 0
L 5.46 1.42 5.48 1.43 0 P 0
L 5.46 1.46 5.47 1.44 0 P 0
L 5.46 1.46 5.48 1.45 0 P 0
L 5.46 1.9 5.47 1.92 0 P 0
L 5.46 1.9 5.48 1.91 0 P 0
L 5.46 1.94 5.47 1.92 0 P 0
L 5.46 1.94 5.48 1.93 0 P 0
L 5.46 2.06 5.47 2.08 0 P 0
L 5.46 2.06 5.48 2.07 0 P 0
L 5.46 2.1 5.47 2.08 0 P 0
L 5.46 2.1 5.48 2.09 0 P 0
L 5.464328 1.6627468 5.464328 1.7027468 0 P 0
L 5.4661532 1.799173 5.4661532 1.839173 0 P 0
L 5.48 1.43 5.5 1.42 0 P 0
L 5.48 1.45 5.5 1.46 0 P 0
L 5.48 1.91 5.5 1.9 0 P 0
L 5.48 1.93 5.5 1.94 0 P 0
L 5.48 2.07 5.5 2.06 0 P 0
L 5.48 2.09 5.5 2.1 0 P 0
L 5.49 1.44 5.5 1.42 0 P 0
L 5.49 1.44 5.5 1.46 0 P 0
L 5.49 1.92 5.5 1.9 0 P 0
L 5.49 1.92 5.5 1.94 0 P 0
L 5.49 2.08 5.5 2.06 0 P 0
L 5.49 2.08 5.5 2.1 0 P 0
L 5.4961752 1.799173 5.4961752 1.839173 0 P 0
L 5.4961752 1.799173 5.5361752 1.799173 0 P 0
L 5.4961752 1.839173 5.5361752 1.839173 0 P 0
L 5.499056 1.6236651 5.499056 1.6636651 0 P 0
L 5.532178 1.6498827 5.532178 1.6898827 0 P 0
L 5.532178 1.6498827 5.572178 1.6498827 0 P 0
L 5.532178 1.6898827 5.572178 1.6898827 0 P 0
L 5.5361752 1.799173 5.5361752 1.839173 0 P 0
L 5.54 1.9 5.55 1.92 0 P 0
L 5.54 1.9 5.56 1.91 0 P 0
L 5.54 1.94 5.55 1.92 0 P 0
L 5.54 1.94 5.56 1.93 0 P 0
L 5.5543152 1.629026 5.5543152 1.669026 0 P 0
L 5.5543152 1.629026 5.5943152 1.629026 0 P 0
L 5.5543152 1.669026 5.5943152 1.669026 0 P 0
L 5.56 1.91 5.58 1.9 0 P 0
L 5.56 1.93 5.58 1.94 0 P 0
L 5.57 1.92 5.58 1.9 0 P 0
L 5.57 1.92 5.58 1.94 0 P 0
L 5.571018 1.6497306 5.571018 1.6897306 0 P 0
L 5.571018 1.6497306 5.611018 1.6497306 0 P 0
L 5.571018 1.6897306 5.611018 1.6897306 0 P 0
L 5.572178 1.6498827 5.572178 1.6898827 0 P 0
L 5.58 1.34 5.59 1.36 0 P 0
L 5.58 1.34 5.6 1.35 0 P 0
L 5.58 1.38 5.59 1.36 0 P 0
L 5.58 1.38 5.6 1.37 0 P 0
L 5.58 1.82 5.59 1.84 0 P 0
L 5.58 1.82 5.6 1.83 0 P 0
L 5.58 1.86 5.59 1.84 0 P 0
L 5.58 1.86 5.6 1.85 0 P 0
L 5.585 1.585 5.585 1.625 0 P 0
L 5.585 1.585 5.625 1.585 0 P 0
L 5.585 1.625 5.625 1.625 0 P 0
L 5.5895704 1.5568745 5.5895704 1.5968745 0 P 0
L 5.5895704 1.5568745 5.6295704 1.5568745 0 P 0
L 5.5895704 1.5968745 5.6295704 1.5968745 0 P 0
L 5.5943152 1.629026 5.5943152 1.669026 0 P 0
L 5.6 1.35 5.62 1.34 0 P 0
L 5.6 1.37 5.62 1.38 0 P 0
L 5.6 1.83 5.62 1.82 0 P 0
L 5.6 1.85 5.62 1.86 0 P 0
L 5.602542 1.6474103 5.602542 1.6874103 0 P 0
L 5.602542 1.6474103 5.642542 1.6474103 0 P 0
L 5.602542 1.6874103 5.642542 1.6874103 0 P 0
L 5.61 1.36 5.62 1.34 0 P 0
L 5.61 1.36 5.62 1.38 0 P 0
L 5.61 1.5496017 5.61 1.5896017 0 P 0
L 5.61 1.5496017 5.65 1.5496017 0 P 0
L 5.61 1.5896017 5.65 1.5896017 0 P 0
L 5.61 1.84 5.62 1.82 0 P 0
L 5.61 1.84 5.62 1.86 0 P 0
L 5.611018 1.6497306 5.611018 1.6897306 0 P 0
L 5.6124144 1.8291786 5.6124144 1.8691786 0 P 0
L 5.6124144 1.8291786 5.6524144 1.8291786 0 P 0
L 5.6124144 1.8691786 5.6524144 1.8691786 0 P 0
L 5.625 1.585 5.625 1.625 0 P 0
L 5.6295704 1.5568745 5.6295704 1.5968745 0 P 0
L 5.6329772 1.3215875 5.6329772 1.3615875 0 P 0
L 5.6329772 1.3215875 5.6729772 1.3215875 0 P 0
L 5.6329772 1.3415875 5.6329772 1.3815875 0 P 0
L 5.6329772 1.3415875 5.6729772 1.3415875 0 P 0
L 5.6329772 1.3615875 5.6329772 1.4015875 0 P 0
L 5.6329772 1.3615875 5.6729772 1.3615875 0 P 0
L 5.6329772 1.3615875 5.6729772 1.3615875 0 P 0
L 5.6329772 1.3815875 5.6329772 1.4215875 0 P 0
L 5.6329772 1.3815875 5.6729772 1.3815875 0 P 0
L 5.6329772 1.3815875 5.6729772 1.3815875 0 P 0
L 5.6329772 1.4015875 5.6329772 1.4415875 0 P 0
L 5.6329772 1.4015875 5.6729772 1.4015875 0 P 0
L 5.6329772 1.4015875 5.6729772 1.4015875 0 P 0
L 5.6329772 1.4215875 5.6329772 1.4615875 0 P 0
L 5.6329772 1.4215875 5.6729772 1.4215875 0 P 0
L 5.6329772 1.4215875 5.6729772 1.4215875 0 P 0
L 5.6329772 1.4415875 5.6329772 1.4815875 0 P 0
L 5.6329772 1.4415875 5.6729772 1.4415875 0 P 0
L 5.6329772 1.4415875 5.6729772 1.4415875 0 P 0
L 5.6329772 1.4615875 5.6329772 1.5015875 0 P 0
L 5.6329772 1.4615875 5.6729772 1.4615875 0 P 0
L 5.6329772 1.4615875 5.6729772 1.4615875 0 P 0
L 5.6329772 1.4815875 5.6729772 1.4815875 0 P 0
L 5.6329772 1.5015875 5.6729772 1.5015875 0 P 0
L 5.642542 1.6474103 5.642542 1.6874103 0 P 0
L 5.645296 1.8815056 5.645296 1.9215056 0 P 0
L 5.645296 1.8815056 5.685296 1.8815056 0 P 0
L 5.645296 1.9215056 5.685296 1.9215056 0 P 0
L 5.65 1.5496017 5.65 1.5896017 0 P 0
L 5.6524144 1.8291786 5.6524144 1.8691786 0 P 0
L 5.652977 1.3515869 5.652977 1.3915869 0 P 0
L 5.652977 1.3515869 5.692977 1.3515869 0 P 0
L 5.652977 1.3715869 5.652977 1.4115869 0 P 0
L 5.652977 1.3715869 5.692977 1.3715869 0 P 0
L 5.652977 1.3915869 5.652977 1.4315869 0 P 0
L 5.652977 1.3915869 5.692977 1.3915869 0 P 0
L 5.652977 1.3915869 5.692977 1.3915869 0 P 0
L 5.652977 1.4115869 5.652977 1.4515869 0 P 0
L 5.652977 1.4115869 5.692977 1.4115869 0 P 0
L 5.652977 1.4115869 5.692977 1.4115869 0 P 0
L 5.652977 1.4315869 5.652977 1.4715869 0 P 0
L 5.652977 1.4315869 5.692977 1.4315869 0 P 0
L 5.652977 1.4315869 5.692977 1.4315869 0 P 0
L 5.652977 1.4515869 5.692977 1.4515869 0 P 0
L 5.652977 1.4715869 5.692977 1.4715869 0 P 0
L 5.66 1.795 5.66 1.835 0 P 0
L 5.66 1.795 5.7 1.795 0 P 0
L 5.66 1.835 5.7 1.835 0 P 0
L 5.6729772 1.3215875 5.6729772 1.3615875 0 P 0
L 5.6729772 1.3415875 5.6729772 1.3815875 0 P 0
L 5.6729772 1.3615875 5.6729772 1.4015875 0 P 0
L 5.6729772 1.3815875 5.6729772 1.4215875 0 P 0
L 5.6729772 1.4015875 5.6729772 1.4415875 0 P 0
L 5.6729772 1.4215875 5.6729772 1.4615875 0 P 0
L 5.6729772 1.4415875 5.6729772 1.4815875 0 P 0
L 5.6729772 1.4615875 5.6729772 1.5015875 0 P 0
L 5.67853 1.8423986 5.67853 1.8823986 0 P 0
L 5.67853 1.8423986 5.71853 1.8423986 0 P 0
L 5.67853 1.8823986 5.71853 1.8823986 0 P 0
L 5.68 1.77 5.68 1.81 0 P 0
L 5.68 1.77 5.72 1.77 0 P 0
L 5.68 1.81 5.72 1.81 0 P 0
L 5.685296 1.8815056 5.685296 1.9215056 0 P 0
L 5.692977 1.3515869 5.692977 1.3915869 0 P 0
L 5.692977 1.3715869 5.692977 1.4115869 0 P 0
L 5.692977 1.3915869 5.692977 1.4315869 0 P 0
L 5.692977 1.4115869 5.692977 1.4515869 0 P 0
L 5.692977 1.4315869 5.692977 1.4715869 0 P 0
L 5.6935484 1.791708 5.6935484 1.831708 0 P 0
L 5.6935484 1.791708 5.7335484 1.791708 0 P 0
L 5.6935484 1.831708 5.7335484 1.831708 0 P 0
L 5.7 1.795 5.7 1.835 0 P 0
L 5.71853 1.8423986 5.71853 1.8823986 0 P 0
L 5.72 1.77 5.72 1.81 0 P 0
L 5.7335484 1.791708 5.7335484 1.831708 0 P 0
L 5.737023 1.31 5.737023 1.35 0 P 0
L 5.737023 1.31 5.777023 1.31 0 P 0
L 5.737023 1.33 5.737023 1.37 0 P 0
L 5.737023 1.33 5.777023 1.33 0 P 0
L 5.737023 1.35 5.737023 1.39 0 P 0
L 5.737023 1.35 5.777023 1.35 0 P 0
L 5.737023 1.35 5.777023 1.35 0 P 0
L 5.737023 1.37 5.737023 1.41 0 P 0
L 5.737023 1.37 5.777023 1.37 0 P 0
L 5.737023 1.37 5.777023 1.37 0 P 0
L 5.737023 1.39 5.737023 1.43 0 P 0
L 5.737023 1.39 5.777023 1.39 0 P 0
L 5.737023 1.39 5.777023 1.39 0 P 0
L 5.737023 1.41 5.737023 1.45 0 P 0
L 5.737023 1.41 5.777023 1.41 0 P 0
L 5.737023 1.41 5.777023 1.41 0 P 0
L 5.737023 1.43 5.737023 1.47 0 P 0
L 5.737023 1.43 5.777023 1.43 0 P 0
L 5.737023 1.43 5.777023 1.43 0 P 0
L 5.737023 1.45 5.737023 1.49 0 P 0
L 5.737023 1.45 5.777023 1.45 0 P 0
L 5.737023 1.45 5.777023 1.45 0 P 0
L 5.737023 1.47 5.777023 1.47 0 P 0
L 5.737023 1.49 5.777023 1.49 0 P 0
L 5.7395196 1.8476584 5.7395196 1.8876584 0 P 0
L 5.7395196 1.8476584 5.7795196 1.8476584 0 P 0
L 5.7395196 1.8876584 5.7795196 1.8876584 0 P 0
L 5.7451036 1.6910894 5.7451036 1.7310894 0 P 0
L 5.7451036 1.6910894 5.7851036 1.6910894 0 P 0
L 5.7451036 1.7310894 5.7851036 1.7310894 0 P 0
L 5.750024 1.467963 5.750024 1.507963 0 P 0
L 5.750024 1.467963 5.790024 1.467963 0 P 0
L 5.750024 1.507963 5.790024 1.507963 0 P 0
L 5.7570228 1.3200006 5.7570228 1.3600006 0 P 0
L 5.7570228 1.3200006 5.7970228 1.3200006 0 P 0
L 5.7570228 1.3400006 5.7570228 1.3800006 0 P 0
L 5.7570228 1.3400006 5.7970228 1.3400006 0 P 0
L 5.7570228 1.3600006 5.7570228 1.4000006 0 P 0
L 5.7570228 1.3600006 5.7970228 1.3600006 0 P 0
L 5.7570228 1.3600006 5.7970228 1.3600006 0 P 0
L 5.7570228 1.3800006 5.7570228 1.4200006 0 P 0
L 5.7570228 1.3800006 5.7970228 1.3800006 0 P 0
L 5.7570228 1.3800006 5.7970228 1.3800006 0 P 0
L 5.7570228 1.4000006 5.7570228 1.4400006 0 P 0
L 5.7570228 1.4000006 5.7970228 1.4000006 0 P 0
L 5.7570228 1.4000006 5.7970228 1.4000006 0 P 0
L 5.7570228 1.4200006 5.7570228 1.4600006 0 P 0
L 5.7570228 1.4200006 5.7970228 1.4200006 0 P 0
L 5.7570228 1.4200006 5.7970228 1.4200006 0 P 0
L 5.7570228 1.4400006 5.7570228 1.4800006 0 P 0
L 5.7570228 1.4400006 5.7970228 1.4400006 0 P 0
L 5.7570228 1.4400006 5.7970228 1.4400006 0 P 0
L 5.7570228 1.4600006 5.7970228 1.4600006 0 P 0
L 5.7570228 1.4800006 5.7970228 1.4800006 0 P 0
L 5.7701036 1.6910894 5.7701036 1.7310894 0 P 0
L 5.7701036 1.6910894 5.8101036 1.6910894 0 P 0
L 5.7701036 1.7310894 5.8101036 1.7310894 0 P 0
L 5.777023 1.31 5.777023 1.35 0 P 0
L 5.777023 1.33 5.777023 1.37 0 P 0
L 5.777023 1.35 5.777023 1.39 0 P 0
L 5.777023 1.37 5.777023 1.41 0 P 0
L 5.777023 1.39 5.777023 1.43 0 P 0
L 5.777023 1.41 5.777023 1.45 0 P 0
L 5.777023 1.43 5.777023 1.47 0 P 0
L 5.777023 1.45 5.777023 1.49 0 P 0
L 5.7794208 1.8848922 5.7794208 1.9248922 0 P 0
L 5.7794208 1.8848922 5.8194208 1.8848922 0 P 0
L 5.7794208 1.9248922 5.8194208 1.9248922 0 P 0
L 5.7795196 1.8476584 5.7795196 1.8876584 0 P 0
L 5.7851036 1.4460894 5.7851036 1.4860894 0 P 0
L 5.7851036 1.4460894 5.8251036 1.4460894 0 P 0
L 5.7851036 1.4860894 5.8251036 1.4860894 0 P 0
L 5.7851036 1.5610894 5.7851036 1.6010894 0 P 0
L 5.7851036 1.5610894 5.8251036 1.5610894 0 P 0
L 5.7851036 1.6010894 5.8251036 1.6010894 0 P 0
L 5.7851036 1.6910894 5.7851036 1.7310894 0 P 0
L 5.790024 1.467963 5.790024 1.507963 0 P 0
L 5.7901036 1.4790894 5.7901036 1.5190894 0 P 0
L 5.7901036 1.4790894 5.8301036 1.4790894 0 P 0
L 5.7901036 1.5190894 5.8301036 1.5190894 0 P 0
L 5.7968768 1.6410426 5.7968768 1.6810426 0 P 0
L 5.7968768 1.6410426 5.8368768 1.6410426 0 P 0
L 5.7968768 1.6810426 5.8368768 1.6810426 0 P 0
L 5.7970228 1.3200006 5.7970228 1.3600006 0 P 0
L 5.7970228 1.3400006 5.7970228 1.3800006 0 P 0
L 5.7970228 1.3600006 5.7970228 1.4000006 0 P 0
L 5.7970228 1.3800006 5.7970228 1.4200006 0 P 0
L 5.7970228 1.4000006 5.7970228 1.4400006 0 P 0
L 5.7970228 1.4200006 5.7970228 1.4600006 0 P 0
L 5.7970228 1.4400006 5.7970228 1.4800006 0 P 0
L 5.8012753 1.5150894 5.8012753 1.5550894 0 P 0
L 5.8012753 1.5150894 5.8412753 1.5150894 0 P 0
L 5.8012753 1.5550894 5.8412753 1.5550894 0 P 0
L 5.8030616 1.826651 5.8030616 1.866651 0 P 0
L 5.8030616 1.826651 5.8430616 1.826651 0 P 0
L 5.8030616 1.866651 5.8430616 1.866651 0 P 0
L 5.8101036 1.6910894 5.8101036 1.7310894 0 P 0
L 5.8194208 1.8848922 5.8194208 1.9248922 0 P 0
L 5.82 1.34 5.83 1.36 0 P 0
L 5.82 1.34 5.84 1.35 0 P 0
L 5.82 1.38 5.83 1.36 0 P 0
L 5.82 1.38 5.84 1.37 0 P 0
L 5.82 1.575 5.82 1.615 0 P 0
L 5.82 1.575 5.86 1.575 0 P 0
L 5.82 1.615 5.86 1.615 0 P 0
L 5.8251036 1.4460894 5.8251036 1.4860894 0 P 0
L 5.8251036 1.5610894 5.8251036 1.6010894 0 P 0
L 5.8301036 1.4790894 5.8301036 1.5190894 0 P 0
L 5.8368768 1.6410426 5.8368768 1.6810426 0 P 0
L 5.84 1.35 5.86 1.34 0 P 0
L 5.84 1.37 5.86 1.38 0 P 0
L 5.8412753 1.5150894 5.8412753 1.5550894 0 P 0
L 5.8430616 1.826651 5.8430616 1.866651 0 P 0
L 5.85 1.36 5.86 1.34 0 P 0
L 5.85 1.36 5.86 1.38 0 P 0
L 5.86 1.575 5.86 1.615 0 P 0
L 5.86 2.06 5.87 2.08 0 P 0
L 5.86 2.06 5.88 2.07 0 P 0
L 5.86 2.1 5.87 2.08 0 P 0
L 5.86 2.1 5.88 2.09 0 P 0
L 5.8656632 1.8087849 5.8656632 1.8487849 0 P 0
L 5.8656632 1.8087849 5.9056632 1.8087849 0 P 0
L 5.8656632 1.8487849 5.9056632 1.8487849 0 P 0
L 5.88 2.07 5.9 2.06 0 P 0
L 5.88 2.09 5.9 2.1 0 P 0
L 5.89 2.08 5.9 2.06 0 P 0
L 5.89 2.08 5.9 2.1 0 P 0
L 5.9 1.34 5.91 1.36 0 P 0
L 5.9 1.34 5.92 1.35 0 P 0
L 5.9 1.38 5.91 1.36 0 P 0
L 5.9 1.38 5.92 1.37 0 P 0
L 5.9056632 1.8087849 5.9056632 1.8487849 0 P 0
L 5.92 1.35 5.94 1.34 0 P 0
L 5.92 1.37 5.94 1.38 0 P 0
L 5.93 1.36 5.94 1.34 0 P 0
L 5.93 1.36 5.94 1.38 0 P 0
L 5.94 1.74 5.95 1.76 0 P 0
L 5.94 1.74 5.96 1.75 0 P 0
L 5.94 1.78 5.95 1.76 0 P 0
L 5.94 1.78 5.96 1.77 0 P 0
L 5.96 1.75 5.98 1.74 0 P 0
L 5.96 1.77 5.98 1.78 0 P 0
L 5.97 1.76 5.98 1.74 0 P 0
L 5.97 1.76 5.98 1.78 0 P 0
L 5.974893 1.9139538 5.974893 1.9539538 0 P 0
L 5.974893 1.9139538 6.014893 1.9139538 0 P 0
L 5.974893 1.9539538 6.014893 1.9539538 0 P 0
L 6.014893 1.9139538 6.014893 1.9539538 0 P 0
L 6.02 1.74 6.03 1.76 0 P 0
L 6.02 1.74 6.04 1.75 0 P 0
L 6.02 1.78 6.03 1.76 0 P 0
L 6.02 1.78 6.04 1.77 0 P 0
L 6.02 2.06 6.03 2.08 0 P 0
L 6.02 2.06 6.04 2.07 0 P 0
L 6.02 2.1 6.03 2.08 0 P 0
L 6.02 2.1 6.04 2.09 0 P 0
L 6.04 1.75 6.06 1.74 0 P 0
L 6.04 1.77 6.06 1.78 0 P 0
L 6.04 2.07 6.06 2.06 0 P 0
L 6.04 2.09 6.06 2.1 0 P 0
L 6.05 1.76 6.06 1.74 0 P 0
L 6.05 1.76 6.06 1.78 0 P 0
L 6.05 2.08 6.06 2.06 0 P 0
L 6.05 2.08 6.06 2.1 0 P 0
L 6.06 1.98 6.07 2 0 P 0
L 6.06 1.98 6.08 1.99 0 P 0
L 6.06 2.02 6.07 2 0 P 0
L 6.06 2.02 6.08 2.01 0 P 0
L 6.08 1.99 6.1 1.98 0 P 0
L 6.08 2.01 6.1 2.02 0 P 0
L 6.09 2 6.1 1.98 0 P 0
L 6.09 2 6.1 2.02 0 P 0
L 6.0951036 1.6010894 6.0951036 1.6410894 0 P 0
L 6.0951036 1.6010894 6.1351036 1.6010894 0 P 0
L 6.0951036 1.6360894 6.0951036 1.6760894 0 P 0
L 6.0951036 1.6360894 6.1351036 1.6360894 0 P 0
L 6.0951036 1.6410894 6.1351036 1.6410894 0 P 0
L 6.0951036 1.6710894 6.0951036 1.7110894 0 P 0
L 6.0951036 1.6710894 6.1351036 1.6710894 0 P 0
L 6.0951036 1.6760894 6.1351036 1.6760894 0 P 0
L 6.0951036 1.7110894 6.1351036 1.7110894 0 P 0
L 6.1 1.74 6.11 1.76 0 P 0
L 6.1 1.74 6.12 1.75 0 P 0
L 6.1 1.78 6.11 1.76 0 P 0
L 6.1 1.78 6.12 1.77 0 P 0
L 6.1 1.9 6.11 1.92 0 P 0
L 6.1 1.9 6.12 1.91 0 P 0
L 6.1 1.94 6.11 1.92 0 P 0
L 6.1 1.94 6.12 1.93 0 P 0
L 6.1 2.06 6.11 2.08 0 P 0
L 6.1 2.06 6.12 2.07 0 P 0
L 6.1 2.1 6.11 2.08 0 P 0
L 6.1 2.1 6.12 2.09 0 P 0
L 6.1101036 1.8060894 6.1101036 1.8460894 0 P 0
L 6.1101036 1.8060894 6.1501036 1.8060894 0 P 0
L 6.1101036 1.8460894 6.1501036 1.8460894 0 P 0
L 6.12 1.75 6.14 1.74 0 P 0
L 6.12 1.77 6.14 1.78 0 P 0
L 6.12 1.91 6.14 1.9 0 P 0
L 6.12 1.93 6.14 1.94 0 P 0
L 6.12 2.07 6.14 2.06 0 P 0
L 6.12 2.09 6.14 2.1 0 P 0
L 6.13 1.76 6.14 1.74 0 P 0
L 6.13 1.76 6.14 1.78 0 P 0
L 6.13 1.92 6.14 1.9 0 P 0
L 6.13 1.92 6.14 1.94 0 P 0
L 6.13 2.08 6.14 2.06 0 P 0
L 6.13 2.08 6.14 2.1 0 P 0
L 6.1301036 1.6010894 6.1301036 1.6410894 0 P 0
L 6.1301036 1.6010894 6.1701036 1.6010894 0 P 0
L 6.1301036 1.6360894 6.1301036 1.6760894 0 P 0
L 6.1301036 1.6360894 6.1701036 1.6360894 0 P 0
L 6.1301036 1.6410894 6.1701036 1.6410894 0 P 0
L 6.1301036 1.6760894 6.1701036 1.6760894 0 P 0
L 6.1351036 1.6010894 6.1351036 1.6410894 0 P 0
L 6.1351036 1.6360894 6.1351036 1.6760894 0 P 0
L 6.1351036 1.6710894 6.1351036 1.7110894 0 P 0
L 6.14 1.34 6.15 1.36 0 P 0
L 6.14 1.34 6.16 1.35 0 P 0
L 6.14 1.38 6.15 1.36 0 P 0
L 6.14 1.38 6.16 1.37 0 P 0
L 6.14 1.82 6.15 1.84 0 P 0
L 6.14 1.82 6.16 1.83 0 P 0
L 6.14 1.86 6.15 1.84 0 P 0
L 6.14 1.86 6.16 1.85 0 P 0
L 6.14 1.98 6.15 2 0 P 0
L 6.14 1.98 6.16 1.99 0 P 0
L 6.14 2.02 6.15 2 0 P 0
L 6.14 2.02 6.16 2.01 0 P 0
L 6.1501036 1.8060894 6.1501036 1.8460894 0 P 0
L 6.16 1.35 6.18 1.34 0 P 0
L 6.16 1.37 6.18 1.38 0 P 0
L 6.16 1.83 6.18 1.82 0 P 0
L 6.16 1.85 6.18 1.86 0 P 0
L 6.16 1.99 6.18 1.98 0 P 0
L 6.16 2.01 6.18 2.02 0 P 0
L 6.1651036 1.6010894 6.1651036 1.6410894 0 P 0
L 6.1651036 1.6010894 6.2051036 1.6010894 0 P 0
L 6.1651036 1.6360894 6.1651036 1.6760894 0 P 0
L 6.1651036 1.6360894 6.2051036 1.6360894 0 P 0
L 6.1651036 1.6410894 6.2051036 1.6410894 0 P 0
L 6.1651036 1.6710894 6.1651036 1.7110894 0 P 0
L 6.1651036 1.6710894 6.2051036 1.6710894 0 P 0
L 6.1651036 1.6760894 6.2051036 1.6760894 0 P 0
L 6.1651036 1.7110894 6.2051036 1.7110894 0 P 0
L 6.17 1.36 6.18 1.34 0 P 0
L 6.17 1.36 6.18 1.38 0 P 0
L 6.17 1.465 6.18 1.485 0 P 0
L 6.17 1.465 6.19 1.475 0 P 0
L 6.17 1.505 6.18 1.485 0 P 0
L 6.17 1.505 6.19 1.495 0 P 0
L 6.17 1.84 6.18 1.82 0 P 0
L 6.17 1.84 6.18 1.86 0 P 0
L 6.17 2 6.18 1.98 0 P 0
L 6.17 2 6.18 2.02 0 P 0
L 6.1701036 1.6010894 6.1701036 1.6410894 0 P 0
L 6.1701036 1.6360894 6.1701036 1.6760894 0 P 0
L 6.18 2.06 6.19 2.08 0 P 0
L 6.18 2.06 6.2 2.07 0 P 0
L 6.18 2.1 6.19 2.08 0 P 0
L 6.18 2.1 6.2 2.09 0 P 0
L 6.19 1.475 6.21 1.465 0 P 0
L 6.19 1.495 6.21 1.505 0 P 0
L 6.2 1.485 6.21 1.465 0 P 0
L 6.2 1.485 6.21 1.505 0 P 0
L 6.2 2.07 6.22 2.06 0 P 0
L 6.2 2.09 6.22 2.1 0 P 0
L 6.2051036 1.6010894 6.2051036 1.6410894 0 P 0
L 6.2051036 1.6360894 6.2051036 1.6760894 0 P 0
L 6.2051036 1.6710894 6.2051036 1.7110894 0 P 0
L 6.21 2.08 6.22 2.06 0 P 0
L 6.21 2.08 6.22 2.1 0 P 0
L 6.22 1.34 6.23 1.36 0 P 0
L 6.22 1.34 6.24 1.35 0 P 0
L 6.22 1.38 6.23 1.36 0 P 0
L 6.22 1.38 6.24 1.37 0 P 0
L 6.22 1.98 6.23 2 0 P 0
L 6.22 1.98 6.24 1.99 0 P 0
L 6.22 2.02 6.23 2 0 P 0
L 6.22 2.02 6.24 2.01 0 P 0
L 6.2314816 1.4547114 6.2414816 1.4747114 0 P 0
L 6.2314816 1.4547114 6.2514816 1.4647114 0 P 0
L 6.2314816 1.4947114 6.2414816 1.4747114 0 P 0
L 6.2314816 1.4947114 6.2514816 1.4847114 0 P 0
L 6.24 1.35 6.26 1.34 0 P 0
L 6.24 1.37 6.26 1.38 0 P 0
L 6.24 1.99 6.26 1.98 0 P 0
L 6.24 2.01 6.26 2.02 0 P 0
L 6.25 1.36 6.26 1.34 0 P 0
L 6.25 1.36 6.26 1.38 0 P 0
L 6.25 2 6.26 1.98 0 P 0
L 6.25 2 6.26 2.02 0 P 0
L 6.2514816 1.4647114 6.2714816 1.4547114 0 P 0
L 6.2514816 1.4847114 6.2714816 1.4947114 0 P 0
L 6.26 1.42 6.27 1.44 0 P 0
L 6.26 1.42 6.28 1.43 0 P 0
L 6.26 1.46 6.27 1.44 0 P 0
L 6.26 1.46 6.28 1.45 0 P 0
L 6.26 1.78 6.27 1.8 0 P 0
L 6.26 1.78 6.28 1.79 0 P 0
L 6.26 1.82 6.27 1.8 0 P 0
L 6.26 1.82 6.28 1.81 0 P 0
L 6.26 1.9 6.27 1.92 0 P 0
L 6.26 1.9 6.28 1.91 0 P 0
L 6.26 1.94 6.27 1.92 0 P 0
L 6.26 1.94 6.28 1.93 0 P 0
L 6.26 2.06 6.27 2.08 0 P 0
L 6.26 2.06 6.28 2.07 0 P 0
L 6.26 2.1 6.27 2.08 0 P 0
L 6.26 2.1 6.28 2.09 0 P 0
L 6.2614816 1.4747114 6.2714816 1.4547114 0 P 0
L 6.2614816 1.4747114 6.2714816 1.4947114 0 P 0
L 6.2787256 1.4547114 6.2887256 1.4747114 0 P 0
L 6.2787256 1.4547114 6.2987256 1.4647114 0 P 0
L 6.2787256 1.4947114 6.2887256 1.4747114 0 P 0
L 6.2787256 1.4947114 6.2987256 1.4847114 0 P 0
L 6.28 1.43 6.3 1.42 0 P 0
L 6.28 1.45 6.3 1.46 0 P 0
L 6.28 1.79 6.3 1.78 0 P 0
L 6.28 1.81 6.3 1.82 0 P 0
L 6.28 1.91 6.3 1.9 0 P 0
L 6.28 1.93 6.3 1.94 0 P 0
L 6.28 2.07 6.3 2.06 0 P 0
L 6.28 2.09 6.3 2.1 0 P 0
L 6.29 1.44 6.3 1.42 0 P 0
L 6.29 1.44 6.3 1.46 0 P 0
L 6.29 1.8 6.3 1.78 0 P 0
L 6.29 1.8 6.3 1.82 0 P 0
L 6.29 1.92 6.3 1.9 0 P 0
L 6.29 1.92 6.3 1.94 0 P 0
L 6.29 2.08 6.3 2.06 0 P 0
L 6.29 2.08 6.3 2.1 0 P 0
L 6.2987256 1.4647114 6.3187256 1.4547114 0 P 0
L 6.2987256 1.4847114 6.3187256 1.4947114 0 P 0
L 6.3 1.34 6.31 1.36 0 P 0
L 6.3 1.34 6.32 1.35 0 P 0
L 6.3 1.38 6.31 1.36 0 P 0
L 6.3 1.38 6.32 1.37 0 P 0
L 6.3 1.98 6.31 2 0 P 0
L 6.3 1.98 6.32 1.99 0 P 0
L 6.3 2.02 6.31 2 0 P 0
L 6.3 2.02 6.32 2.01 0 P 0
L 6.3087256 1.4747114 6.3187256 1.4547114 0 P 0
L 6.3087256 1.4747114 6.3187256 1.4947114 0 P 0
L 6.32 1.35 6.34 1.34 0 P 0
L 6.32 1.37 6.34 1.38 0 P 0
L 6.32 1.99 6.34 1.98 0 P 0
L 6.32 2.01 6.34 2.02 0 P 0
L 6.33 1.36 6.34 1.34 0 P 0
L 6.33 1.36 6.34 1.38 0 P 0
L 6.33 2 6.34 1.98 0 P 0
L 6.33 2 6.34 2.02 0 P 0
L 6.34 1.42 6.35 1.44 0 P 0
L 6.34 1.42 6.36 1.43 0 P 0
L 6.34 1.46 6.35 1.44 0 P 0
L 6.34 1.46 6.36 1.45 0 P 0
L 6.34 1.9 6.35 1.92 0 P 0
L 6.34 1.9 6.36 1.91 0 P 0
L 6.34 1.94 6.35 1.92 0 P 0
L 6.34 1.94 6.36 1.93 0 P 0
L 6.34 2.06 6.35 2.08 0 P 0
L 6.34 2.06 6.36 2.07 0 P 0
L 6.34 2.1 6.35 2.08 0 P 0
L 6.34 2.1 6.36 2.09 0 P 0
L 6.3445328 1.9382941 6.3445328 1.9782941 0 P 0
L 6.3445328 1.9382941 6.3845328 1.9382941 0 P 0
L 6.3445328 1.9782941 6.3845328 1.9782941 0 P 0
L 6.357634 1.4460803 6.367634 1.4660803 0 P 0
L 6.357634 1.4460803 6.377634 1.4560803 0 P 0
L 6.357634 1.4860803 6.367634 1.4660803 0 P 0
L 6.357634 1.4860803 6.377634 1.4760803 0 P 0
L 6.36 1.43 6.38 1.42 0 P 0
L 6.36 1.45 6.38 1.46 0 P 0
L 6.36 1.91 6.38 1.9 0 P 0
L 6.36 1.93 6.38 1.94 0 P 0
L 6.36 2.07 6.38 2.06 0 P 0
L 6.36 2.09 6.38 2.1 0 P 0
L 6.37 1.44 6.38 1.42 0 P 0
L 6.37 1.44 6.38 1.46 0 P 0
L 6.37 1.92 6.38 1.9 0 P 0
L 6.37 1.92 6.38 1.94 0 P 0
L 6.37 2.08 6.38 2.06 0 P 0
L 6.37 2.08 6.38 2.1 0 P 0
L 6.377634 1.4560803 6.397634 1.4460803 0 P 0
L 6.377634 1.4760803 6.397634 1.4860803 0 P 0
L 6.38 1.34 6.39 1.36 0 P 0
L 6.38 1.34 6.4 1.35 0 P 0
L 6.38 1.38 6.39 1.36 0 P 0
L 6.38 1.38 6.4 1.37 0 P 0
L 6.38 1.98 6.39 2 0 P 0
L 6.38 1.98 6.4 1.99 0 P 0
L 6.38 2.02 6.39 2 0 P 0
L 6.38 2.02 6.4 2.01 0 P 0
L 6.3845328 1.9382941 6.3845328 1.9782941 0 P 0
L 6.387634 1.4660803 6.397634 1.4460803 0 P 0
L 6.387634 1.4660803 6.397634 1.4860803 0 P 0
L 6.4 1.35 6.42 1.34 0 P 0
L 6.4 1.37 6.42 1.38 0 P 0
L 6.4 1.99 6.42 1.98 0 P 0
L 6.4 2.01 6.42 2.02 0 P 0
L 6.41 1.36 6.42 1.34 0 P 0
L 6.41 1.36 6.42 1.38 0 P 0
L 6.41 2 6.42 1.98 0 P 0
L 6.41 2 6.42 2.02 0 P 0
L 6.42 1.74 6.43 1.76 0 P 0
L 6.42 1.74 6.44 1.75 0 P 0
L 6.42 1.78 6.43 1.76 0 P 0
L 6.42 1.78 6.44 1.77 0 P 0
L 6.42 1.9 6.43 1.92 0 P 0
L 6.42 1.9 6.44 1.91 0 P 0
L 6.42 1.94 6.43 1.92 0 P 0
L 6.42 1.94 6.44 1.93 0 P 0
L 6.42 2.06 6.43 2.08 0 P 0
L 6.42 2.06 6.44 2.07 0 P 0
L 6.42 2.1 6.43 2.08 0 P 0
L 6.42 2.1 6.44 2.09 0 P 0
L 6.4350164 1.6732938 6.4450164 1.6932938 0 P 0
L 6.4350164 1.6732938 6.4550164 1.6832938 0 P 0
L 6.4350164 1.7132938 6.4450164 1.6932938 0 P 0
L 6.4350164 1.7132938 6.4550164 1.7032938 0 P 0
L 6.44 1.75 6.46 1.74 0 P 0
L 6.44 1.77 6.46 1.78 0 P 0
L 6.44 1.91 6.46 1.9 0 P 0
L 6.44 1.93 6.46 1.94 0 P 0
L 6.44 2.07 6.46 2.06 0 P 0
L 6.44 2.09 6.46 2.1 0 P 0
L 6.45 1.76 6.46 1.74 0 P 0
L 6.45 1.76 6.46 1.78 0 P 0
L 6.45 1.92 6.46 1.9 0 P 0
L 6.45 1.92 6.46 1.94 0 P 0
L 6.45 2.08 6.46 2.06 0 P 0
L 6.45 2.08 6.46 2.1 0 P 0
L 6.4550164 1.6832938 6.4750164 1.6732938 0 P 0
L 6.4550164 1.7032938 6.4750164 1.7132938 0 P 0
L 6.46 1.34 6.47 1.36 0 P 0
L 6.46 1.34 6.48 1.35 0 P 0
L 6.46 1.38 6.47 1.36 0 P 0
L 6.46 1.38 6.48 1.37 0 P 0
L 6.46 1.66 6.47 1.68 0 P 0
L 6.46 1.66 6.48 1.67 0 P 0
L 6.46 1.7 6.47 1.68 0 P 0
L 6.46 1.7 6.48 1.69 0 P 0
L 6.46 1.82 6.47 1.84 0 P 0
L 6.46 1.82 6.48 1.83 0 P 0
L 6.46 1.86 6.47 1.84 0 P 0
L 6.46 1.86 6.48 1.85 0 P 0
L 6.46 1.98 6.47 2 0 P 0
L 6.46 1.98 6.48 1.99 0 P 0
L 6.46 2.02 6.47 2 0 P 0
L 6.46 2.02 6.48 2.01 0 P 0
L 6.4650164 1.6932938 6.4750164 1.6732938 0 P 0
L 6.4650164 1.6932938 6.4750164 1.7132938 0 P 0
L 6.48 1.35 6.5 1.34 0 P 0
L 6.48 1.37 6.5 1.38 0 P 0
L 6.48 1.67 6.5 1.66 0 P 0
L 6.48 1.69 6.5 1.7 0 P 0
L 6.48 1.83 6.5 1.82 0 P 0
L 6.48 1.85 6.5 1.86 0 P 0
L 6.48 1.99 6.5 1.98 0 P 0
L 6.48 2.01 6.5 2.02 0 P 0
L 6.49 1.36 6.5 1.34 0 P 0
L 6.49 1.36 6.5 1.38 0 P 0
L 6.49 1.68 6.5 1.66 0 P 0
L 6.49 1.68 6.5 1.7 0 P 0
L 6.49 1.84 6.5 1.82 0 P 0
L 6.49 1.84 6.5 1.86 0 P 0
L 6.49 2 6.5 1.98 0 P 0
L 6.49 2 6.5 2.02 0 P 0
L 6.5 1.74 6.51 1.76 0 P 0
L 6.5 1.74 6.52 1.75 0 P 0
L 6.5 1.78 6.51 1.76 0 P 0
L 6.5 1.78 6.52 1.77 0 P 0
L 6.5 1.9 6.51 1.92 0 P 0
L 6.5 1.9 6.52 1.91 0 P 0
L 6.5 1.94 6.51 1.92 0 P 0
L 6.5 1.94 6.52 1.93 0 P 0
L 6.5 2.06 6.51 2.08 0 P 0
L 6.5 2.06 6.52 2.07 0 P 0
L 6.5 2.1 6.51 2.08 0 P 0
L 6.5 2.1 6.52 2.09 0 P 0
L 6.51 1.395 6.52 1.415 0 P 0
L 6.51 1.395 6.53 1.405 0 P 0
L 6.51 1.435 6.52 1.415 0 P 0
L 6.51 1.435 6.53 1.425 0 P 0
L 6.51 1.495 6.52 1.515 0 P 0
L 6.51 1.495 6.53 1.505 0 P 0
L 6.51 1.535 6.52 1.515 0 P 0
L 6.51 1.535 6.53 1.525 0 P 0
L 6.51 1.595 6.52 1.615 0 P 0
L 6.51 1.595 6.53 1.605 0 P 0
L 6.51 1.635 6.52 1.615 0 P 0
L 6.51 1.635 6.53 1.625 0 P 0
L 6.52 1.75 6.54 1.74 0 P 0
L 6.52 1.77 6.54 1.78 0 P 0
L 6.52 1.91 6.54 1.9 0 P 0
L 6.52 1.93 6.54 1.94 0 P 0
L 6.52 2.07 6.54 2.06 0 P 0
L 6.52 2.09 6.54 2.1 0 P 0
L 6.53 1.405 6.55 1.395 0 P 0
L 6.53 1.425 6.55 1.435 0 P 0
L 6.53 1.505 6.55 1.495 0 P 0
L 6.53 1.525 6.55 1.535 0 P 0
L 6.53 1.605 6.55 1.595 0 P 0
L 6.53 1.625 6.55 1.635 0 P 0
L 6.53 1.76 6.54 1.74 0 P 0
L 6.53 1.76 6.54 1.78 0 P 0
L 6.53 1.92 6.54 1.9 0 P 0
L 6.53 1.92 6.54 1.94 0 P 0
L 6.53 2.08 6.54 2.06 0 P 0
L 6.53 2.08 6.54 2.1 0 P 0
L 6.54 1.34 6.55 1.36 0 P 0
L 6.54 1.34 6.56 1.35 0 P 0
L 6.54 1.38 6.55 1.36 0 P 0
L 6.54 1.38 6.56 1.37 0 P 0
L 6.54 1.415 6.55 1.395 0 P 0
L 6.54 1.415 6.55 1.435 0 P 0
L 6.54 1.515 6.55 1.495 0 P 0
L 6.54 1.515 6.55 1.535 0 P 0
L 6.54 1.615 6.55 1.595 0 P 0
L 6.54 1.615 6.55 1.635 0 P 0
L 6.54 1.66 6.55 1.68 0 P 0
L 6.54 1.66 6.56 1.67 0 P 0
L 6.54 1.7 6.55 1.68 0 P 0
L 6.54 1.7 6.56 1.69 0 P 0
L 6.54 1.82 6.55 1.84 0 P 0
L 6.54 1.82 6.56 1.83 0 P 0
L 6.54 1.86 6.55 1.84 0 P 0
L 6.54 1.86 6.56 1.85 0 P 0
L 6.54 1.98 6.55 2 0 P 0
L 6.54 1.98 6.56 1.99 0 P 0
L 6.54 2.02 6.55 2 0 P 0
L 6.54 2.02 6.56 2.01 0 P 0
L 6.56 1.35 6.58 1.34 0 P 0
L 6.56 1.37 6.58 1.38 0 P 0
L 6.56 1.67 6.58 1.66 0 P 0
L 6.56 1.69 6.58 1.7 0 P 0
L 6.56 1.83 6.58 1.82 0 P 0
L 6.56 1.85 6.58 1.86 0 P 0
L 6.56 1.99 6.58 1.98 0 P 0
L 6.56 2.01 6.58 2.02 0 P 0
L 6.57 1.36 6.58 1.34 0 P 0
L 6.57 1.36 6.58 1.38 0 P 0
L 6.57 1.68 6.58 1.66 0 P 0
L 6.57 1.68 6.58 1.7 0 P 0
L 6.57 1.84 6.58 1.82 0 P 0
L 6.57 1.84 6.58 1.86 0 P 0
L 6.57 2 6.58 1.98 0 P 0
L 6.57 2 6.58 2.02 0 P 0
L 6.58 1.74 6.59 1.76 0 P 0
L 6.58 1.74 6.6 1.75 0 P 0
L 6.58 1.78 6.59 1.76 0 P 0
L 6.58 1.78 6.6 1.77 0 P 0
L 6.58 1.9 6.59 1.92 0 P 0
L 6.58 1.9 6.6 1.91 0 P 0
L 6.58 1.94 6.59 1.92 0 P 0
L 6.58 1.94 6.6 1.93 0 P 0
L 6.58 2.06 6.59 2.08 0 P 0
L 6.58 2.06 6.6 2.07 0 P 0
L 6.58 2.1 6.59 2.08 0 P 0
L 6.58 2.1 6.6 2.09 0 P 0
L 6.6 1.75 6.62 1.74 0 P 0
L 6.6 1.77 6.62 1.78 0 P 0
L 6.6 1.91 6.62 1.9 0 P 0
L 6.6 1.93 6.62 1.94 0 P 0
L 6.6 2.07 6.62 2.06 0 P 0
L 6.6 2.09 6.62 2.1 0 P 0
L 6.61 1.76 6.62 1.74 0 P 0
L 6.61 1.76 6.62 1.78 0 P 0
L 6.61 1.92 6.62 1.9 0 P 0
L 6.61 1.92 6.62 1.94 0 P 0
L 6.61 2.08 6.62 2.06 0 P 0
L 6.61 2.08 6.62 2.1 0 P 0
