#Layer_Color=9474304
#
#Feature symbol names
#
$0 r5

#
#Feature attribute names
#

#
#Layer features
#
L 5.6699855 1.5573099 5.6699855 1.5773099 0 P 0
L 5.6699855 1.5573099 5.6799855 1.5573099 0 P 0
L 5.6699855 1.5710894 5.6699855 1.5910894 0 P 0
L 5.6699855 1.5710894 5.6799855 1.5710894 0 P 0
L 5.6699855 1.5773099 5.6799855 1.5773099 0 P 0
L 5.6699855 1.584869 5.6699855 1.604869 0 P 0
L 5.6699855 1.584869 5.6799855 1.584869 0 P 0
L 5.6699855 1.5910894 5.6799855 1.5910894 0 P 0
L 5.6699855 1.5986485 5.6699855 1.6186485 0 P 0
L 5.6699855 1.5986485 5.6799855 1.5986485 0 P 0
L 5.6699855 1.604869 5.6799855 1.604869 0 P 0
L 5.6699855 1.612428 5.6699855 1.632428 0 P 0
L 5.6699855 1.612428 5.6799855 1.612428 0 P 0
L 5.6699855 1.6186485 5.6799855 1.6186485 0 P 0
L 5.6699855 1.632428 5.6799855 1.632428 0 P 0
L 5.6799855 1.5473099 5.6799855 1.5573099 0 P 0
L 5.6799855 1.5473099 5.6999855 1.5473099 0 P 0
L 5.6799855 1.5610894 5.6799855 1.5710894 0 P 0
L 5.6799855 1.5610894 5.6999855 1.5610894 0 P 0
L 5.6799855 1.574869 5.6799855 1.584869 0 P 0
L 5.6799855 1.574869 5.6999855 1.574869 0 P 0
L 5.6799855 1.5773099 5.6799855 1.5873099 0 P 0
L 5.6799855 1.5873099 5.6999855 1.5873099 0 P 0
L 5.6799855 1.5886485 5.6799855 1.5986485 0 P 0
L 5.6799855 1.5886485 5.6999855 1.5886485 0 P 0
L 5.6799855 1.5910894 5.6799855 1.6010894 0 P 0
L 5.6799855 1.6010894 5.6999855 1.6010894 0 P 0
L 5.6799855 1.602428 5.6799855 1.612428 0 P 0
L 5.6799855 1.602428 5.6999855 1.602428 0 P 0
L 5.6799855 1.604869 5.6799855 1.614869 0 P 0
L 5.6799855 1.614869 5.6999855 1.614869 0 P 0
L 5.6799855 1.6186485 5.6799855 1.6286485 0 P 0
L 5.6799855 1.6286485 5.6999855 1.6286485 0 P 0
L 5.6799855 1.632428 5.6799855 1.642428 0 P 0
L 5.6799855 1.642428 5.6999855 1.642428 0 P 0
L 5.683765 1.5435304 5.683765 1.5635304 0 P 0
L 5.683765 1.5435304 5.693765 1.5435304 0 P 0
L 5.683765 1.5573099 5.683765 1.5773099 0 P 0
L 5.683765 1.5573099 5.693765 1.5573099 0 P 0
L 5.683765 1.5635304 5.693765 1.5635304 0 P 0
L 5.683765 1.5710894 5.683765 1.5910894 0 P 0
L 5.683765 1.5710894 5.693765 1.5710894 0 P 0
L 5.683765 1.5773099 5.693765 1.5773099 0 P 0
L 5.683765 1.584869 5.683765 1.604869 0 P 0
L 5.683765 1.584869 5.693765 1.584869 0 P 0
L 5.683765 1.5910894 5.693765 1.5910894 0 P 0
L 5.683765 1.5986485 5.683765 1.6186485 0 P 0
L 5.683765 1.5986485 5.693765 1.5986485 0 P 0
L 5.683765 1.604869 5.693765 1.604869 0 P 0
L 5.683765 1.612428 5.683765 1.632428 0 P 0
L 5.683765 1.612428 5.693765 1.612428 0 P 0
L 5.683765 1.6186485 5.693765 1.6186485 0 P 0
L 5.683765 1.632428 5.693765 1.632428 0 P 0
L 5.693765 1.5335304 5.693765 1.5435304 0 P 0
L 5.693765 1.5335304 5.713765 1.5335304 0 P 0
L 5.693765 1.5473099 5.693765 1.5573099 0 P 0
L 5.693765 1.5473099 5.713765 1.5473099 0 P 0
L 5.693765 1.5610894 5.693765 1.5710894 0 P 0
L 5.693765 1.5610894 5.713765 1.5610894 0 P 0
L 5.693765 1.5635304 5.693765 1.5735304 0 P 0
L 5.693765 1.5735304 5.713765 1.5735304 0 P 0
L 5.693765 1.574869 5.693765 1.584869 0 P 0
L 5.693765 1.574869 5.713765 1.574869 0 P 0
L 5.693765 1.5773099 5.693765 1.5873099 0 P 0
L 5.693765 1.5873099 5.713765 1.5873099 0 P 0
L 5.693765 1.5886485 5.693765 1.5986485 0 P 0
L 5.693765 1.5886485 5.713765 1.5886485 0 P 0
L 5.693765 1.5910894 5.693765 1.6010894 0 P 0
L 5.693765 1.6010894 5.713765 1.6010894 0 P 0
L 5.693765 1.602428 5.693765 1.612428 0 P 0
L 5.693765 1.602428 5.713765 1.602428 0 P 0
L 5.693765 1.604869 5.693765 1.614869 0 P 0
L 5.693765 1.614869 5.713765 1.614869 0 P 0
L 5.693765 1.6186485 5.693765 1.6286485 0 P 0
L 5.693765 1.6286485 5.713765 1.6286485 0 P 0
L 5.693765 1.632428 5.693765 1.642428 0 P 0
L 5.693765 1.642428 5.713765 1.642428 0 P 0
L 5.6975445 1.5435304 5.6975445 1.5635304 0 P 0
L 5.6975445 1.5435304 5.7075445 1.5435304 0 P 0
L 5.6975445 1.5573099 5.6975445 1.5773099 0 P 0
L 5.6975445 1.5573099 5.7075445 1.5573099 0 P 0
L 5.6975445 1.5635304 5.7075445 1.5635304 0 P 0
L 5.6975445 1.5710894 5.6975445 1.5910894 0 P 0
L 5.6975445 1.5710894 5.7075445 1.5710894 0 P 0
L 5.6975445 1.5773099 5.7075445 1.5773099 0 P 0
L 5.6975445 1.584869 5.6975445 1.604869 0 P 0
L 5.6975445 1.584869 5.7075445 1.584869 0 P 0
L 5.6975445 1.5910894 5.7075445 1.5910894 0 P 0
L 5.6975445 1.5986485 5.6975445 1.6186485 0 P 0
L 5.6975445 1.5986485 5.7075445 1.5986485 0 P 0
L 5.6975445 1.604869 5.7075445 1.604869 0 P 0
L 5.6975445 1.612428 5.6975445 1.632428 0 P 0
L 5.6975445 1.612428 5.7075445 1.612428 0 P 0
L 5.6975445 1.6186485 5.7075445 1.6186485 0 P 0
L 5.6975445 1.632428 5.7075445 1.632428 0 P 0
L 5.6999855 1.5473099 5.6999855 1.5573099 0 P 0
L 5.6999855 1.5573099 5.7099855 1.5573099 0 P 0
L 5.6999855 1.5610894 5.6999855 1.5710894 0 P 0
L 5.6999855 1.5710894 5.7099855 1.5710894 0 P 0
L 5.6999855 1.574869 5.6999855 1.584869 0 P 0
L 5.6999855 1.5773099 5.6999855 1.5873099 0 P 0
L 5.6999855 1.5773099 5.7099855 1.5773099 0 P 0
L 5.6999855 1.584869 5.7099855 1.584869 0 P 0
L 5.6999855 1.5886485 5.6999855 1.5986485 0 P 0
L 5.6999855 1.5910894 5.6999855 1.6010894 0 P 0
L 5.6999855 1.5910894 5.7099855 1.5910894 0 P 0
L 5.6999855 1.5986485 5.7099855 1.5986485 0 P 0
L 5.6999855 1.602428 5.6999855 1.612428 0 P 0
L 5.6999855 1.604869 5.6999855 1.614869 0 P 0
L 5.6999855 1.604869 5.7099855 1.604869 0 P 0
L 5.6999855 1.612428 5.7099855 1.612428 0 P 0
L 5.6999855 1.6186485 5.6999855 1.6286485 0 P 0
L 5.6999855 1.6186485 5.7099855 1.6186485 0 P 0
L 5.6999855 1.632428 5.6999855 1.642428 0 P 0
L 5.6999855 1.632428 5.7099855 1.632428 0 P 0
L 5.7075445 1.5335304 5.7075445 1.5435304 0 P 0
L 5.7075445 1.5335304 5.7275445 1.5335304 0 P 0
L 5.7075445 1.5473099 5.7075445 1.5573099 0 P 0
L 5.7075445 1.5473099 5.7275445 1.5473099 0 P 0
L 5.7075445 1.5610894 5.7075445 1.5710894 0 P 0
L 5.7075445 1.5610894 5.7275445 1.5610894 0 P 0
L 5.7075445 1.5635304 5.7075445 1.5735304 0 P 0
L 5.7075445 1.5735304 5.7275445 1.5735304 0 P 0
L 5.7075445 1.574869 5.7075445 1.584869 0 P 0
L 5.7075445 1.574869 5.7275445 1.574869 0 P 0
L 5.7075445 1.5773099 5.7075445 1.5873099 0 P 0
L 5.7075445 1.5873099 5.7275445 1.5873099 0 P 0
L 5.7075445 1.5886485 5.7075445 1.5986485 0 P 0
L 5.7075445 1.5886485 5.7275445 1.5886485 0 P 0
L 5.7075445 1.5910894 5.7075445 1.6010894 0 P 0
L 5.7075445 1.6010894 5.7275445 1.6010894 0 P 0
L 5.7075445 1.602428 5.7075445 1.612428 0 P 0
L 5.7075445 1.602428 5.7275445 1.602428 0 P 0
L 5.7075445 1.604869 5.7075445 1.614869 0 P 0
L 5.7075445 1.614869 5.7275445 1.614869 0 P 0
L 5.7075445 1.6186485 5.7075445 1.6286485 0 P 0
L 5.7075445 1.6286485 5.7275445 1.6286485 0 P 0
L 5.7075445 1.632428 5.7075445 1.642428 0 P 0
L 5.7075445 1.642428 5.7275445 1.642428 0 P 0
L 5.7099855 1.5573099 5.7099855 1.5773099 0 P 0
L 5.7099855 1.5710894 5.7099855 1.5910894 0 P 0
L 5.7099855 1.584869 5.7099855 1.604869 0 P 0
L 5.7099855 1.5986485 5.7099855 1.6186485 0 P 0
L 5.7099855 1.612428 5.7099855 1.632428 0 P 0
L 5.711324 1.5435304 5.711324 1.5635304 0 P 0
L 5.711324 1.5435304 5.721324 1.5435304 0 P 0
L 5.711324 1.5635304 5.721324 1.5635304 0 P 0
L 5.7113241 1.5573099 5.7113241 1.5773099 0 P 0
L 5.7113241 1.5573099 5.7213241 1.5573099 0 P 0
L 5.7113241 1.5710894 5.7113241 1.5910894 0 P 0
L 5.7113241 1.5710894 5.7213241 1.5710894 0 P 0
L 5.7113241 1.5773099 5.7213241 1.5773099 0 P 0
L 5.7113241 1.584869 5.7113241 1.604869 0 P 0
L 5.7113241 1.584869 5.7213241 1.584869 0 P 0
L 5.7113241 1.5910894 5.7213241 1.5910894 0 P 0
L 5.7113241 1.5986485 5.7113241 1.6186485 0 P 0
L 5.7113241 1.5986485 5.7213241 1.5986485 0 P 0
L 5.7113241 1.604869 5.7213241 1.604869 0 P 0
L 5.7113241 1.612428 5.7113241 1.632428 0 P 0
L 5.7113241 1.612428 5.7213241 1.612428 0 P 0
L 5.7113241 1.6186485 5.7213241 1.6186485 0 P 0
L 5.7113241 1.632428 5.7213241 1.632428 0 P 0
L 5.713765 1.5335304 5.713765 1.5435304 0 P 0
L 5.713765 1.5435304 5.723765 1.5435304 0 P 0
L 5.713765 1.5473099 5.713765 1.5573099 0 P 0
L 5.713765 1.5573099 5.723765 1.5573099 0 P 0
L 5.713765 1.5610894 5.713765 1.5710894 0 P 0
L 5.713765 1.5635304 5.713765 1.5735304 0 P 0
L 5.713765 1.5635304 5.723765 1.5635304 0 P 0
L 5.713765 1.5710894 5.723765 1.5710894 0 P 0
L 5.713765 1.574869 5.713765 1.584869 0 P 0
L 5.713765 1.5773099 5.713765 1.5873099 0 P 0
L 5.713765 1.5773099 5.723765 1.5773099 0 P 0
L 5.713765 1.584869 5.723765 1.584869 0 P 0
L 5.713765 1.5886485 5.713765 1.5986485 0 P 0
L 5.713765 1.5910894 5.713765 1.6010894 0 P 0
L 5.713765 1.5910894 5.723765 1.5910894 0 P 0
L 5.713765 1.5986485 5.723765 1.5986485 0 P 0
L 5.713765 1.602428 5.713765 1.612428 0 P 0
L 5.713765 1.604869 5.713765 1.614869 0 P 0
L 5.713765 1.604869 5.723765 1.604869 0 P 0
L 5.713765 1.612428 5.723765 1.612428 0 P 0
L 5.713765 1.6186485 5.713765 1.6286485 0 P 0
L 5.713765 1.6186485 5.723765 1.6186485 0 P 0
L 5.713765 1.632428 5.713765 1.642428 0 P 0
L 5.713765 1.632428 5.723765 1.632428 0 P 0
L 5.721324 1.5335304 5.721324 1.5435304 0 P 0
L 5.721324 1.5335304 5.741324 1.5335304 0 P 0
L 5.721324 1.5635304 5.721324 1.5735304 0 P 0
L 5.721324 1.5735304 5.741324 1.5735304 0 P 0
L 5.7213241 1.5473099 5.7213241 1.5573099 0 P 0
L 5.7213241 1.5473099 5.7413241 1.5473099 0 P 0
L 5.7213241 1.5610894 5.7213241 1.5710894 0 P 0
L 5.7213241 1.5610894 5.7413241 1.5610894 0 P 0
L 5.7213241 1.574869 5.7213241 1.584869 0 P 0
L 5.7213241 1.574869 5.7413241 1.574869 0 P 0
L 5.7213241 1.5773099 5.7213241 1.5873099 0 P 0
L 5.7213241 1.5873099 5.7413241 1.5873099 0 P 0
L 5.7213241 1.5886485 5.7213241 1.5986485 0 P 0
L 5.7213241 1.5886485 5.7413241 1.5886485 0 P 0
L 5.7213241 1.5910894 5.7213241 1.6010894 0 P 0
L 5.7213241 1.6010894 5.7413241 1.6010894 0 P 0
L 5.7213241 1.602428 5.7213241 1.612428 0 P 0
L 5.7213241 1.602428 5.7413241 1.602428 0 P 0
L 5.7213241 1.604869 5.7213241 1.614869 0 P 0
L 5.7213241 1.614869 5.7413241 1.614869 0 P 0
L 5.7213241 1.6186485 5.7213241 1.6286485 0 P 0
L 5.7213241 1.6286485 5.7413241 1.6286485 0 P 0
L 5.7213241 1.632428 5.7213241 1.642428 0 P 0
L 5.7213241 1.642428 5.7413241 1.642428 0 P 0
L 5.723765 1.5435304 5.723765 1.5635304 0 P 0
L 5.723765 1.5573099 5.723765 1.5773099 0 P 0
L 5.723765 1.5710894 5.723765 1.5910894 0 P 0
L 5.723765 1.584869 5.723765 1.604869 0 P 0
L 5.723765 1.5986485 5.723765 1.6186485 0 P 0
L 5.723765 1.612428 5.723765 1.632428 0 P 0
L 5.7251035 1.5297509 5.7251035 1.5497509 0 P 0
L 5.7251035 1.5297509 5.7351035 1.5297509 0 P 0
L 5.7251035 1.5497509 5.7351035 1.5497509 0 P 0
L 5.7251036 1.5435304 5.7251036 1.5635304 0 P 0
L 5.7251036 1.5435304 5.7351036 1.5435304 0 P 0
L 5.7251036 1.5573099 5.7251036 1.5773099 0 P 0
L 5.7251036 1.5573099 5.7351036 1.5573099 0 P 0
L 5.7251036 1.5635304 5.7351036 1.5635304 0 P 0
L 5.7251036 1.5710894 5.7251036 1.5910894 0 P 0
L 5.7251036 1.5710894 5.7351036 1.5710894 0 P 0
L 5.7251036 1.5773099 5.7351036 1.5773099 0 P 0
L 5.7251036 1.584869 5.7251036 1.604869 0 P 0
L 5.7251036 1.584869 5.7351036 1.584869 0 P 0
L 5.7251036 1.5910894 5.7351036 1.5910894 0 P 0
L 5.7251036 1.5986485 5.7251036 1.6186485 0 P 0
L 5.7251036 1.5986485 5.7351036 1.5986485 0 P 0
L 5.7251036 1.604869 5.7351036 1.604869 0 P 0
L 5.7251036 1.612428 5.7251036 1.632428 0 P 0
L 5.7251036 1.612428 5.7351036 1.612428 0 P 0
L 5.7251036 1.6186485 5.7351036 1.6186485 0 P 0
L 5.7251036 1.632428 5.7351036 1.632428 0 P 0
L 5.7275445 1.5335304 5.7275445 1.5435304 0 P 0
L 5.7275445 1.5435304 5.7375445 1.5435304 0 P 0
L 5.7275445 1.5473099 5.7275445 1.5573099 0 P 0
L 5.7275445 1.5573099 5.7375445 1.5573099 0 P 0
L 5.7275445 1.5610894 5.7275445 1.5710894 0 P 0
L 5.7275445 1.5635304 5.7275445 1.5735304 0 P 0
L 5.7275445 1.5635304 5.7375445 1.5635304 0 P 0
L 5.7275445 1.5710894 5.7375445 1.5710894 0 P 0
L 5.7275445 1.574869 5.7275445 1.584869 0 P 0
L 5.7275445 1.5773099 5.7275445 1.5873099 0 P 0
L 5.7275445 1.5773099 5.7375445 1.5773099 0 P 0
L 5.7275445 1.584869 5.7375445 1.584869 0 P 0
L 5.7275445 1.5886485 5.7275445 1.5986485 0 P 0
L 5.7275445 1.5910894 5.7275445 1.6010894 0 P 0
L 5.7275445 1.5910894 5.7375445 1.5910894 0 P 0
L 5.7275445 1.5986485 5.7375445 1.5986485 0 P 0
L 5.7275445 1.602428 5.7275445 1.612428 0 P 0
L 5.7275445 1.604869 5.7275445 1.614869 0 P 0
L 5.7275445 1.604869 5.7375445 1.604869 0 P 0
L 5.7275445 1.612428 5.7375445 1.612428 0 P 0
L 5.7275445 1.6186485 5.7275445 1.6286485 0 P 0
L 5.7275445 1.6186485 5.7375445 1.6186485 0 P 0
L 5.7275445 1.632428 5.7275445 1.642428 0 P 0
L 5.7275445 1.632428 5.7375445 1.632428 0 P 0
L 5.7351035 1.5197509 5.7351035 1.5297509 0 P 0
L 5.7351035 1.5197509 5.7551035 1.5197509 0 P 0
L 5.7351035 1.5497509 5.7351035 1.5597509 0 P 0
L 5.7351035 1.5597509 5.7551035 1.5597509 0 P 0
L 5.7351036 1.5335304 5.7351036 1.5435304 0 P 0
L 5.7351036 1.5335304 5.7551036 1.5335304 0 P 0
L 5.7351036 1.5473099 5.7351036 1.5573099 0 P 0
L 5.7351036 1.5473099 5.7551036 1.5473099 0 P 0
L 5.7351036 1.5610894 5.7351036 1.5710894 0 P 0
L 5.7351036 1.5610894 5.7551036 1.5610894 0 P 0
L 5.7351036 1.5635304 5.7351036 1.5735304 0 P 0
L 5.7351036 1.5735304 5.7551036 1.5735304 0 P 0
L 5.7351036 1.574869 5.7351036 1.584869 0 P 0
L 5.7351036 1.574869 5.7551036 1.574869 0 P 0
L 5.7351036 1.5773099 5.7351036 1.5873099 0 P 0
L 5.7351036 1.5873099 5.7551036 1.5873099 0 P 0
L 5.7351036 1.5886485 5.7351036 1.5986485 0 P 0
L 5.7351036 1.5886485 5.7551036 1.5886485 0 P 0
L 5.7351036 1.5910894 5.7351036 1.6010894 0 P 0
L 5.7351036 1.6010894 5.7551036 1.6010894 0 P 0
L 5.7351036 1.602428 5.7351036 1.612428 0 P 0
L 5.7351036 1.602428 5.7551036 1.602428 0 P 0
L 5.7351036 1.604869 5.7351036 1.614869 0 P 0
L 5.7351036 1.614869 5.7551036 1.614869 0 P 0
L 5.7351036 1.6186485 5.7351036 1.6286485 0 P 0
L 5.7351036 1.6286485 5.7551036 1.6286485 0 P 0
L 5.7351036 1.632428 5.7351036 1.642428 0 P 0
L 5.7351036 1.642428 5.7551036 1.642428 0 P 0
L 5.7375445 1.5435304 5.7375445 1.5635304 0 P 0
L 5.7375445 1.5573099 5.7375445 1.5773099 0 P 0
L 5.7375445 1.5710894 5.7375445 1.5910894 0 P 0
L 5.7375445 1.584869 5.7375445 1.604869 0 P 0
L 5.7375445 1.5986485 5.7375445 1.6186485 0 P 0
L 5.7375445 1.612428 5.7375445 1.632428 0 P 0
L 5.7388831 1.5297509 5.7388831 1.5497509 0 P 0
L 5.7388831 1.5297509 5.7488831 1.5297509 0 P 0
L 5.7388831 1.5497509 5.7488831 1.5497509 0 P 0
L 5.741324 1.5335304 5.741324 1.5435304 0 P 0
L 5.741324 1.5435304 5.751324 1.5435304 0 P 0
L 5.741324 1.5635304 5.741324 1.5735304 0 P 0
L 5.741324 1.5635304 5.751324 1.5635304 0 P 0
L 5.7413241 1.5473099 5.7413241 1.5573099 0 P 0
L 5.7413241 1.5573099 5.7513241 1.5573099 0 P 0
L 5.7413241 1.5610894 5.7413241 1.5710894 0 P 0
L 5.7413241 1.5710894 5.7513241 1.5710894 0 P 0
L 5.7413241 1.574869 5.7413241 1.584869 0 P 0
L 5.7413241 1.5773099 5.7413241 1.5873099 0 P 0
L 5.7413241 1.5773099 5.7513241 1.5773099 0 P 0
L 5.7413241 1.584869 5.7513241 1.584869 0 P 0
L 5.7413241 1.5886485 5.7413241 1.5986485 0 P 0
L 5.7413241 1.5910894 5.7413241 1.6010894 0 P 0
L 5.7413241 1.5910894 5.7513241 1.5910894 0 P 0
L 5.7413241 1.5986485 5.7513241 1.5986485 0 P 0
L 5.7413241 1.602428 5.7413241 1.612428 0 P 0
L 5.7413241 1.604869 5.7413241 1.614869 0 P 0
L 5.7413241 1.604869 5.7513241 1.604869 0 P 0
L 5.7413241 1.612428 5.7513241 1.612428 0 P 0
L 5.7413241 1.6186485 5.7413241 1.6286485 0 P 0
L 5.7413241 1.6186485 5.7513241 1.6186485 0 P 0
L 5.7413241 1.632428 5.7413241 1.642428 0 P 0
L 5.7413241 1.632428 5.7513241 1.632428 0 P 0
L 5.7488831 1.5197509 5.7488831 1.5297509 0 P 0
L 5.7488831 1.5197509 5.7688831 1.5197509 0 P 0
L 5.7488831 1.5497509 5.7488831 1.5597509 0 P 0
L 5.7488831 1.5597509 5.7688831 1.5597509 0 P 0
L 5.751324 1.5435304 5.751324 1.5635304 0 P 0
L 5.7513241 1.5573099 5.7513241 1.5773099 0 P 0
L 5.7513241 1.5710894 5.7513241 1.5910894 0 P 0
L 5.7513241 1.584869 5.7513241 1.604869 0 P 0
L 5.7513241 1.5986485 5.7513241 1.6186485 0 P 0
L 5.7513241 1.612428 5.7513241 1.632428 0 P 0
L 5.7526627 1.5297509 5.7526627 1.5497509 0 P 0
L 5.7526627 1.5297509 5.7626627 1.5297509 0 P 0
L 5.7526627 1.5497509 5.7626627 1.5497509 0 P 0
L 5.7551035 1.5197509 5.7551035 1.5297509 0 P 0
L 5.7551035 1.5297509 5.7651035 1.5297509 0 P 0
L 5.7551035 1.5497509 5.7551035 1.5597509 0 P 0
L 5.7551035 1.5497509 5.7651035 1.5497509 0 P 0
L 5.7551036 1.5335304 5.7551036 1.5435304 0 P 0
L 5.7551036 1.5435304 5.7651036 1.5435304 0 P 0
L 5.7551036 1.5473099 5.7551036 1.5573099 0 P 0
L 5.7551036 1.5573099 5.7651036 1.5573099 0 P 0
L 5.7551036 1.5610894 5.7551036 1.5710894 0 P 0
L 5.7551036 1.5635304 5.7551036 1.5735304 0 P 0
L 5.7551036 1.5635304 5.7651036 1.5635304 0 P 0
L 5.7551036 1.5710894 5.7651036 1.5710894 0 P 0
L 5.7551036 1.574869 5.7551036 1.584869 0 P 0
L 5.7551036 1.5773099 5.7551036 1.5873099 0 P 0
L 5.7551036 1.5773099 5.7651036 1.5773099 0 P 0
L 5.7551036 1.584869 5.7651036 1.584869 0 P 0
L 5.7551036 1.5886485 5.7551036 1.5986485 0 P 0
L 5.7551036 1.5910894 5.7551036 1.6010894 0 P 0
L 5.7551036 1.5910894 5.7651036 1.5910894 0 P 0
L 5.7551036 1.5986485 5.7651036 1.5986485 0 P 0
L 5.7551036 1.602428 5.7551036 1.612428 0 P 0
L 5.7551036 1.604869 5.7551036 1.614869 0 P 0
L 5.7551036 1.604869 5.7651036 1.604869 0 P 0
L 5.7551036 1.612428 5.7651036 1.612428 0 P 0
L 5.7551036 1.6186485 5.7551036 1.6286485 0 P 0
L 5.7551036 1.6186485 5.7651036 1.6186485 0 P 0
L 5.7551036 1.632428 5.7551036 1.642428 0 P 0
L 5.7551036 1.632428 5.7651036 1.632428 0 P 0
L 5.7626627 1.5197509 5.7626627 1.5297509 0 P 0
L 5.7626627 1.5197509 5.7826627 1.5197509 0 P 0
L 5.7626627 1.5497509 5.7626627 1.5597509 0 P 0
L 5.7626627 1.5597509 5.7826627 1.5597509 0 P 0
L 5.7651035 1.5297509 5.7651035 1.5497509 0 P 0
L 5.7651036 1.5435304 5.7651036 1.5635304 0 P 0
L 5.7651036 1.5573099 5.7651036 1.5773099 0 P 0
L 5.7651036 1.5710894 5.7651036 1.5910894 0 P 0
L 5.7651036 1.584869 5.7651036 1.604869 0 P 0
L 5.7651036 1.5986485 5.7651036 1.6186485 0 P 0
L 5.7651036 1.612428 5.7651036 1.632428 0 P 0
L 5.7688831 1.5197509 5.7688831 1.5297509 0 P 0
L 5.7688831 1.5297509 5.7788831 1.5297509 0 P 0
L 5.7688831 1.5497509 5.7688831 1.5597509 0 P 0
L 5.7688831 1.5497509 5.7788831 1.5497509 0 P 0
L 5.7788831 1.5297509 5.7788831 1.5497509 0 P 0
L 5.7826627 1.5197509 5.7826627 1.5297509 0 P 0
L 5.7826627 1.5297509 5.7926627 1.5297509 0 P 0
L 5.7826627 1.5497509 5.7826627 1.5597509 0 P 0
L 5.7826627 1.5497509 5.7926627 1.5497509 0 P 0
L 5.7926627 1.5297509 5.7926627 1.5497509 0 P 0
