#Layer_Color=9474304
#
#Feature symbol names
#
$0 r5

#
#Feature attribute names
#

#
#Layer features
#
L 5.6879855 1.5673099 5.6919855 1.5673099 0 P 0
L 5.6879855 1.5810894 5.6919855 1.5810894 0 P 0
L 5.6879855 1.594869 5.6919855 1.594869 0 P 0
L 5.6879855 1.6086485 5.6919855 1.6086485 0 P 0
L 5.6879855 1.622428 5.6919855 1.622428 0 P 0
L 5.6899855 1.5653099 5.6899855 1.5693099 0 P 0
L 5.6899855 1.5790894 5.6899855 1.5830894 0 P 0
L 5.6899855 1.592869 5.6899855 1.596869 0 P 0
L 5.6899855 1.6066485 5.6899855 1.6106485 0 P 0
L 5.6899855 1.620428 5.6899855 1.624428 0 P 0
L 5.701765 1.5535304 5.705765 1.5535304 0 P 0
L 5.701765 1.5673099 5.705765 1.5673099 0 P 0
L 5.701765 1.5810894 5.705765 1.5810894 0 P 0
L 5.701765 1.594869 5.705765 1.594869 0 P 0
L 5.701765 1.6086485 5.705765 1.6086485 0 P 0
L 5.701765 1.622428 5.705765 1.622428 0 P 0
L 5.703765 1.5515304 5.703765 1.5555304 0 P 0
L 5.703765 1.5653099 5.703765 1.5693099 0 P 0
L 5.703765 1.5790894 5.703765 1.5830894 0 P 0
L 5.703765 1.592869 5.703765 1.596869 0 P 0
L 5.703765 1.6066485 5.703765 1.6106485 0 P 0
L 5.703765 1.620428 5.703765 1.624428 0 P 0
L 5.7155445 1.5535304 5.7195445 1.5535304 0 P 0
L 5.7155445 1.5673099 5.7195445 1.5673099 0 P 0
L 5.7155445 1.5810894 5.7195445 1.5810894 0 P 0
L 5.7155445 1.594869 5.7195445 1.594869 0 P 0
L 5.7155445 1.6086485 5.7195445 1.6086485 0 P 0
L 5.7155445 1.622428 5.7195445 1.622428 0 P 0
L 5.7175445 1.5515304 5.7175445 1.5555304 0 P 0
L 5.7175445 1.5653099 5.7175445 1.5693099 0 P 0
L 5.7175445 1.5790894 5.7175445 1.5830894 0 P 0
L 5.7175445 1.592869 5.7175445 1.596869 0 P 0
L 5.7175445 1.6066485 5.7175445 1.6106485 0 P 0
L 5.7175445 1.620428 5.7175445 1.624428 0 P 0
L 5.729324 1.5535304 5.733324 1.5535304 0 P 0
L 5.7293241 1.5673099 5.7333241 1.5673099 0 P 0
L 5.7293241 1.5810894 5.7333241 1.5810894 0 P 0
L 5.7293241 1.594869 5.7333241 1.594869 0 P 0
L 5.7293241 1.6086485 5.7333241 1.6086485 0 P 0
L 5.7293241 1.622428 5.7333241 1.622428 0 P 0
L 5.731324 1.5515304 5.731324 1.5555304 0 P 0
L 5.7313241 1.5653099 5.7313241 1.5693099 0 P 0
L 5.7313241 1.5790894 5.7313241 1.5830894 0 P 0
L 5.7313241 1.592869 5.7313241 1.596869 0 P 0
L 5.7313241 1.6066485 5.7313241 1.6106485 0 P 0
L 5.7313241 1.620428 5.7313241 1.624428 0 P 0
L 5.7431035 1.5397509 5.7471035 1.5397509 0 P 0
L 5.7431036 1.5535304 5.7471036 1.5535304 0 P 0
L 5.7431036 1.5673099 5.7471036 1.5673099 0 P 0
L 5.7431036 1.5810894 5.7471036 1.5810894 0 P 0
L 5.7431036 1.594869 5.7471036 1.594869 0 P 0
L 5.7431036 1.6086485 5.7471036 1.6086485 0 P 0
L 5.7431036 1.622428 5.7471036 1.622428 0 P 0
L 5.7451035 1.5377509 5.7451035 1.5417509 0 P 0
L 5.7451036 1.5515304 5.7451036 1.5555304 0 P 0
L 5.7451036 1.5653099 5.7451036 1.5693099 0 P 0
L 5.7451036 1.5790894 5.7451036 1.5830894 0 P 0
L 5.7451036 1.592869 5.7451036 1.596869 0 P 0
L 5.7451036 1.6066485 5.7451036 1.6106485 0 P 0
L 5.7451036 1.620428 5.7451036 1.624428 0 P 0
L 5.7568831 1.5397509 5.7608831 1.5397509 0 P 0
L 5.7588831 1.5377509 5.7588831 1.5417509 0 P 0
L 5.7706627 1.5397509 5.7746627 1.5397509 0 P 0
L 5.7726627 1.5377509 5.7726627 1.5417509 0 P 0
