#Layer_Color=9474304
#
#Feature symbol names
#
$0 r5

#
#Feature attribute names
#

#
#Layer features
#
L 5.275 1.36 5.285 1.36 0 P 0
L 5.275 1.52 5.285 1.52 0 P 0
L 5.275 1.68 5.285 1.68 0 P 0
L 5.275 1.84 5.285 1.84 0 P 0
L 5.275 2 5.285 2 0 P 0
L 5.28 1.355 5.28 1.365 0 P 0
L 5.28 1.515 5.28 1.525 0 P 0
L 5.28 1.675 5.28 1.685 0 P 0
L 5.28 1.835 5.28 1.845 0 P 0
L 5.28 1.995 5.28 2.005 0 P 0
L 5.3127282 1.9933292 5.3528856 1.9933292 0 P 0
L 5.3127282 2.0933292 5.3528856 2.0933292 0 P 0
L 5.314246 1.819173 5.322246 1.819173 0 P 0
L 5.315 1.44 5.325 1.44 0 P 0
L 5.315 1.6 5.325 1.6 0 P 0
L 5.318246 1.815173 5.318246 1.823173 0 P 0
L 5.32 1.435 5.32 1.445 0 P 0
L 5.32 1.595 5.32 1.605 0 P 0
L 5.3328069 1.9732505 5.3328069 2.0134079 0 P 0
L 5.3328069 2.0732505 5.3328069 2.1134079 0 P 0
L 5.339666 1.819173 5.347666 1.819173 0 P 0
L 5.343666 1.815173 5.343666 1.823173 0 P 0
L 5.355 1.36 5.365 1.36 0 P 0
L 5.355 1.52 5.365 1.52 0 P 0
L 5.355 1.68 5.365 1.68 0 P 0
L 5.36 1.355 5.36 1.365 0 P 0
L 5.36 1.515 5.36 1.525 0 P 0
L 5.36 1.675 5.36 1.685 0 P 0
L 5.395 1.44 5.405 1.44 0 P 0
L 5.395 1.76 5.405 1.76 0 P 0
L 5.395 1.92 5.405 1.92 0 P 0
L 5.4 1.435 5.4 1.445 0 P 0
L 5.4 1.755 5.4 1.765 0 P 0
L 5.4 1.915 5.4 1.925 0 P 0
L 5.4127282 1.9933292 5.4528856 1.9933292 0 P 0
L 5.4127282 2.0933292 5.4528856 2.0933292 0 P 0
L 5.4187556 1.819173 5.4267556 1.819173 0 P 0
L 5.4227556 1.815173 5.4227556 1.823173 0 P 0
L 5.4328069 1.9732505 5.4328069 2.0134079 0 P 0
L 5.4328069 2.0732505 5.4328069 2.1134079 0 P 0
L 5.435 1.36 5.445 1.36 0 P 0
L 5.435 1.52 5.445 1.52 0 P 0
L 5.44 1.355 5.44 1.365 0 P 0
L 5.44 1.515 5.44 1.525 0 P 0
L 5.440328 1.6827468 5.448328 1.6827468 0 P 0
L 5.4421532 1.819173 5.4501532 1.819173 0 P 0
L 5.444328 1.6787468 5.444328 1.6867468 0 P 0
L 5.4461532 1.815173 5.4461532 1.823173 0 P 0
L 5.475 1.44 5.485 1.44 0 P 0
L 5.475 1.92 5.485 1.92 0 P 0
L 5.475 2.08 5.485 2.08 0 P 0
L 5.475056 1.6436651 5.483056 1.6436651 0 P 0
L 5.479056 1.6396651 5.479056 1.6476651 0 P 0
L 5.48 1.435 5.48 1.445 0 P 0
L 5.48 1.915 5.48 1.925 0 P 0
L 5.48 2.075 5.48 2.085 0 P 0
L 5.5121752 1.819173 5.5201752 1.819173 0 P 0
L 5.5127282 1.9933292 5.5528856 1.9933292 0 P 0
L 5.5127282 2.0933292 5.5528856 2.0933292 0 P 0
L 5.5161752 1.815173 5.5161752 1.823173 0 P 0
L 5.5328069 1.9732505 5.5328069 2.0134079 0 P 0
L 5.5328069 2.0732505 5.5328069 2.1134079 0 P 0
L 5.548178 1.6698827 5.556178 1.6698827 0 P 0
L 5.552178 1.6658827 5.552178 1.6738827 0 P 0
L 5.555 1.92 5.565 1.92 0 P 0
L 5.56 1.915 5.56 1.925 0 P 0
L 5.5703152 1.649026 5.5783152 1.649026 0 P 0
L 5.5743152 1.645026 5.5743152 1.653026 0 P 0
L 5.587018 1.6697306 5.595018 1.6697306 0 P 0
L 5.591018 1.6657306 5.591018 1.6737306 0 P 0
L 5.595 1.36 5.605 1.36 0 P 0
L 5.595 1.84 5.605 1.84 0 P 0
L 5.6 1.355 5.6 1.365 0 P 0
L 5.6 1.835 5.6 1.845 0 P 0
L 5.601 1.605 5.609 1.605 0 P 0
L 5.605 1.601 5.605 1.609 0 P 0
L 5.6055704 1.5768745 5.6135704 1.5768745 0 P 0
L 5.6095704 1.5728745 5.6095704 1.5808745 0 P 0
L 5.6127282 1.9933292 5.6528856 1.9933292 0 P 0
L 5.6127282 2.0933292 5.6528856 2.0933292 0 P 0
L 5.618542 1.6674103 5.626542 1.6674103 0 P 0
L 5.622542 1.6634103 5.622542 1.6714103 0 P 0
L 5.626 1.5696017 5.634 1.5696017 0 P 0
L 5.6284144 1.8491786 5.6364144 1.8491786 0 P 0
L 5.63 1.5656017 5.63 1.5736017 0 P 0
L 5.6324144 1.8451786 5.6324144 1.8531786 0 P 0
L 5.6328069 1.9732505 5.6328069 2.0134079 0 P 0
L 5.6328069 2.0732505 5.6328069 2.1134079 0 P 0
L 5.6489772 1.3415875 5.6569772 1.3415875 0 P 0
L 5.6489772 1.3615875 5.6569772 1.3615875 0 P 0
L 5.6489772 1.3815875 5.6569772 1.3815875 0 P 0
L 5.6489772 1.4015875 5.6569772 1.4015875 0 P 0
L 5.6489772 1.4215875 5.6569772 1.4215875 0 P 0
L 5.6489772 1.4415875 5.6569772 1.4415875 0 P 0
L 5.6489772 1.4615875 5.6569772 1.4615875 0 P 0
L 5.6489772 1.4815875 5.6569772 1.4815875 0 P 0
L 5.6529772 1.3375875 5.6529772 1.3455875 0 P 0
L 5.6529772 1.3575875 5.6529772 1.3655875 0 P 0
L 5.6529772 1.3775875 5.6529772 1.3855875 0 P 0
L 5.6529772 1.3975875 5.6529772 1.4055875 0 P 0
L 5.6529772 1.4175875 5.6529772 1.4255875 0 P 0
L 5.6529772 1.4375875 5.6529772 1.4455875 0 P 0
L 5.6529772 1.4575875 5.6529772 1.4655875 0 P 0
L 5.6529772 1.4775875 5.6529772 1.4855875 0 P 0
L 5.661296 1.9015056 5.669296 1.9015056 0 P 0
L 5.665296 1.8975056 5.665296 1.9055056 0 P 0
L 5.668977 1.3715869 5.676977 1.3715869 0 P 0
L 5.668977 1.3915869 5.676977 1.3915869 0 P 0
L 5.668977 1.4115869 5.676977 1.4115869 0 P 0
L 5.668977 1.4315869 5.676977 1.4315869 0 P 0
L 5.668977 1.4515869 5.676977 1.4515869 0 P 0
L 5.672977 1.3675869 5.672977 1.3755869 0 P 0
L 5.672977 1.3875869 5.672977 1.3955869 0 P 0
L 5.672977 1.4075869 5.672977 1.4155869 0 P 0
L 5.672977 1.4275869 5.672977 1.4355869 0 P 0
L 5.672977 1.4475869 5.672977 1.4555869 0 P 0
L 5.676 1.815 5.684 1.815 0 P 0
L 5.68 1.811 5.68 1.819 0 P 0
L 5.69453 1.8623986 5.70253 1.8623986 0 P 0
L 5.696 1.79 5.704 1.79 0 P 0
L 5.69853 1.8583986 5.69853 1.8663986 0 P 0
L 5.7 1.786 5.7 1.794 0 P 0
L 5.7095484 1.811708 5.7175484 1.811708 0 P 0
L 5.7127282 1.9933292 5.7528856 1.9933292 0 P 0
L 5.7127282 2.0933292 5.7528856 2.0933292 0 P 0
L 5.7135484 1.807708 5.7135484 1.815708 0 P 0
L 5.7328069 1.9732505 5.7328069 2.0134079 0 P 0
L 5.7328069 2.0732505 5.7328069 2.1134079 0 P 0
L 5.753023 1.33 5.761023 1.33 0 P 0
L 5.753023 1.35 5.761023 1.35 0 P 0
L 5.753023 1.37 5.761023 1.37 0 P 0
L 5.753023 1.39 5.761023 1.39 0 P 0
L 5.753023 1.41 5.761023 1.41 0 P 0
L 5.753023 1.43 5.761023 1.43 0 P 0
L 5.753023 1.45 5.761023 1.45 0 P 0
L 5.753023 1.47 5.761023 1.47 0 P 0
L 5.7555196 1.8676584 5.7635196 1.8676584 0 P 0
L 5.757023 1.326 5.757023 1.334 0 P 0
L 5.757023 1.346 5.757023 1.354 0 P 0
L 5.757023 1.366 5.757023 1.374 0 P 0
L 5.757023 1.386 5.757023 1.394 0 P 0
L 5.757023 1.406 5.757023 1.414 0 P 0
L 5.757023 1.426 5.757023 1.434 0 P 0
L 5.757023 1.446 5.757023 1.454 0 P 0
L 5.757023 1.466 5.757023 1.474 0 P 0
L 5.7595196 1.8636584 5.7595196 1.8716584 0 P 0
L 5.7611036 1.7110894 5.7691036 1.7110894 0 P 0
L 5.7651036 1.7070894 5.7651036 1.7150894 0 P 0
L 5.766024 1.487963 5.774024 1.487963 0 P 0
L 5.770024 1.483963 5.770024 1.491963 0 P 0
L 5.7730228 1.3400006 5.7810228 1.3400006 0 P 0
L 5.7730228 1.3600006 5.7810228 1.3600006 0 P 0
L 5.7730228 1.3800006 5.7810228 1.3800006 0 P 0
L 5.7730228 1.4000006 5.7810228 1.4000006 0 P 0
L 5.7730228 1.4200006 5.7810228 1.4200006 0 P 0
L 5.7730228 1.4400006 5.7810228 1.4400006 0 P 0
L 5.7730228 1.4600006 5.7810228 1.4600006 0 P 0
L 5.7770228 1.3360006 5.7770228 1.3440006 0 P 0
L 5.7770228 1.3560006 5.7770228 1.3640006 0 P 0
L 5.7770228 1.3760006 5.7770228 1.3840006 0 P 0
L 5.7770228 1.3960006 5.7770228 1.4040006 0 P 0
L 5.7770228 1.4160006 5.7770228 1.4240006 0 P 0
L 5.7770228 1.4360006 5.7770228 1.4440006 0 P 0
L 5.7770228 1.4560006 5.7770228 1.4640006 0 P 0
L 5.7861036 1.7110894 5.7941036 1.7110894 0 P 0
L 5.7901036 1.7070894 5.7901036 1.7150894 0 P 0
L 5.7954208 1.9048922 5.8034208 1.9048922 0 P 0
L 5.7994208 1.9008922 5.7994208 1.9088922 0 P 0
L 5.8011036 1.4660894 5.8091036 1.4660894 0 P 0
L 5.8011036 1.5810894 5.8091036 1.5810894 0 P 0
L 5.8051036 1.4620894 5.8051036 1.4700894 0 P 0
L 5.8051036 1.5770894 5.8051036 1.5850894 0 P 0
L 5.8061036 1.4990894 5.8141036 1.4990894 0 P 0
L 5.8101036 1.4950894 5.8101036 1.5030894 0 P 0
L 5.8127282 1.9933292 5.8528856 1.9933292 0 P 0
L 5.8127282 2.0933292 5.8528856 2.0933292 0 P 0
L 5.8128768 1.6610426 5.8208768 1.6610426 0 P 0
L 5.8168768 1.6570426 5.8168768 1.6650426 0 P 0
L 5.8172753 1.5350894 5.8252753 1.5350894 0 P 0
L 5.8190616 1.846651 5.8270616 1.846651 0 P 0
L 5.8212753 1.5310894 5.8212753 1.5390894 0 P 0
L 5.8230616 1.842651 5.8230616 1.850651 0 P 0
L 5.8328069 1.9732505 5.8328069 2.0134079 0 P 0
L 5.8328069 2.0732505 5.8328069 2.1134079 0 P 0
L 5.835 1.36 5.845 1.36 0 P 0
L 5.836 1.595 5.844 1.595 0 P 0
L 5.84 1.355 5.84 1.365 0 P 0
L 5.84 1.591 5.84 1.599 0 P 0
L 5.875 2.08 5.885 2.08 0 P 0
L 5.88 2.075 5.88 2.085 0 P 0
L 5.8816632 1.8287849 5.8896632 1.8287849 0 P 0
L 5.8856632 1.8247849 5.8856632 1.8327849 0 P 0
L 5.9127282 1.9933292 5.9528856 1.9933292 0 P 0
L 5.9127282 2.0933292 5.9528856 2.0933292 0 P 0
L 5.915 1.36 5.925 1.36 0 P 0
L 5.92 1.355 5.92 1.365 0 P 0
L 5.9328069 1.9732505 5.9328069 2.0134079 0 P 0
L 5.9328069 2.0732505 5.9328069 2.1134079 0 P 0
L 5.955 1.76 5.965 1.76 0 P 0
L 5.96 1.755 5.96 1.765 0 P 0
L 5.990893 1.9339538 5.998893 1.9339538 0 P 0
L 5.994893 1.9299538 5.994893 1.9379538 0 P 0
L 6.035 1.76 6.045 1.76 0 P 0
L 6.035 2.08 6.045 2.08 0 P 0
L 6.04 1.755 6.04 1.765 0 P 0
L 6.04 2.075 6.04 2.085 0 P 0
L 6.075 2 6.085 2 0 P 0
L 6.08 1.995 6.08 2.005 0 P 0
L 6.1111036 1.6210894 6.1191036 1.6210894 0 P 0
L 6.1111036 1.6560894 6.1191036 1.6560894 0 P 0
L 6.1111036 1.6910894 6.1191036 1.6910894 0 P 0
L 6.115 1.76 6.125 1.76 0 P 0
L 6.115 1.92 6.125 1.92 0 P 0
L 6.115 2.08 6.125 2.08 0 P 0
L 6.1151036 1.6170894 6.1151036 1.6250894 0 P 0
L 6.1151036 1.6520894 6.1151036 1.6600894 0 P 0
L 6.1151036 1.6870894 6.1151036 1.6950894 0 P 0
L 6.12 1.755 6.12 1.765 0 P 0
L 6.12 1.915 6.12 1.925 0 P 0
L 6.12 2.075 6.12 2.085 0 P 0
L 6.1261036 1.8260894 6.1341036 1.8260894 0 P 0
L 6.1301036 1.8220894 6.1301036 1.8300894 0 P 0
L 6.1461036 1.6210894 6.1541036 1.6210894 0 P 0
L 6.1461036 1.6560894 6.1541036 1.6560894 0 P 0
L 6.1501036 1.6170894 6.1501036 1.6250894 0 P 0
L 6.1501036 1.6520894 6.1501036 1.6600894 0 P 0
L 6.155 1.36 6.165 1.36 0 P 0
L 6.155 1.84 6.165 1.84 0 P 0
L 6.155 2 6.165 2 0 P 0
L 6.16 1.355 6.16 1.365 0 P 0
L 6.16 1.835 6.16 1.845 0 P 0
L 6.16 1.995 6.16 2.005 0 P 0
L 6.1811036 1.6210894 6.1891036 1.6210894 0 P 0
L 6.1811036 1.6560894 6.1891036 1.6560894 0 P 0
L 6.1811036 1.6910894 6.1891036 1.6910894 0 P 0
L 6.185 1.485 6.195 1.485 0 P 0
L 6.1851036 1.6170894 6.1851036 1.6250894 0 P 0
L 6.1851036 1.6520894 6.1851036 1.6600894 0 P 0
L 6.1851036 1.6870894 6.1851036 1.6950894 0 P 0
L 6.19 1.48 6.19 1.49 0 P 0
L 6.195 2.08 6.205 2.08 0 P 0
L 6.2 2.075 6.2 2.085 0 P 0
L 6.235 1.36 6.245 1.36 0 P 0
L 6.235 2 6.245 2 0 P 0
L 6.24 1.355 6.24 1.365 0 P 0
L 6.24 1.995 6.24 2.005 0 P 0
L 6.2464816 1.4747114 6.2564816 1.4747114 0 P 0
L 6.2514816 1.4697114 6.2514816 1.4797114 0 P 0
L 6.275 1.44 6.285 1.44 0 P 0
L 6.275 1.8 6.285 1.8 0 P 0
L 6.275 1.92 6.285 1.92 0 P 0
L 6.275 2.08 6.285 2.08 0 P 0
L 6.28 1.435 6.28 1.445 0 P 0
L 6.28 1.795 6.28 1.805 0 P 0
L 6.28 1.915 6.28 1.925 0 P 0
L 6.28 2.075 6.28 2.085 0 P 0
L 6.2937256 1.4747114 6.3037256 1.4747114 0 P 0
L 6.2987256 1.4697114 6.2987256 1.4797114 0 P 0
L 6.315 1.36 6.325 1.36 0 P 0
L 6.315 2 6.325 2 0 P 0
L 6.32 1.355 6.32 1.365 0 P 0
L 6.32 1.995 6.32 2.005 0 P 0
L 6.355 1.44 6.365 1.44 0 P 0
L 6.355 1.92 6.365 1.92 0 P 0
L 6.355 2.08 6.365 2.08 0 P 0
L 6.36 1.435 6.36 1.445 0 P 0
L 6.36 1.915 6.36 1.925 0 P 0
L 6.36 2.075 6.36 2.085 0 P 0
L 6.3605328 1.9582941 6.3685328 1.9582941 0 P 0
L 6.3645328 1.9542941 6.3645328 1.9622941 0 P 0
L 6.372634 1.4660803 6.382634 1.4660803 0 P 0
L 6.377634 1.4610803 6.377634 1.4710803 0 P 0
L 6.395 1.36 6.405 1.36 0 P 0
L 6.395 2 6.405 2 0 P 0
L 6.4 1.355 6.4 1.365 0 P 0
L 6.4 1.995 6.4 2.005 0 P 0
L 6.435 1.76 6.445 1.76 0 P 0
L 6.435 1.92 6.445 1.92 0 P 0
L 6.435 2.08 6.445 2.08 0 P 0
L 6.44 1.755 6.44 1.765 0 P 0
L 6.44 1.915 6.44 1.925 0 P 0
L 6.44 2.075 6.44 2.085 0 P 0
L 6.4500164 1.6932938 6.4600164 1.6932938 0 P 0
L 6.4550164 1.6882938 6.4550164 1.6982938 0 P 0
L 6.475 1.36 6.485 1.36 0 P 0
L 6.475 1.68 6.485 1.68 0 P 0
L 6.475 1.84 6.485 1.84 0 P 0
L 6.475 2 6.485 2 0 P 0
L 6.48 1.355 6.48 1.365 0 P 0
L 6.48 1.675 6.48 1.685 0 P 0
L 6.48 1.835 6.48 1.845 0 P 0
L 6.48 1.995 6.48 2.005 0 P 0
L 6.515 1.76 6.525 1.76 0 P 0
L 6.515 1.92 6.525 1.92 0 P 0
L 6.515 2.08 6.525 2.08 0 P 0
L 6.52 1.755 6.52 1.765 0 P 0
L 6.52 1.915 6.52 1.925 0 P 0
L 6.52 2.075 6.52 2.085 0 P 0
L 6.525 1.415 6.535 1.415 0 P 0
L 6.525 1.515 6.535 1.515 0 P 0
L 6.525 1.615 6.535 1.615 0 P 0
L 6.53 1.41 6.53 1.42 0 P 0
L 6.53 1.51 6.53 1.52 0 P 0
L 6.53 1.61 6.53 1.62 0 P 0
L 6.555 1.36 6.565 1.36 0 P 0
L 6.555 1.68 6.565 1.68 0 P 0
L 6.555 1.84 6.565 1.84 0 P 0
L 6.555 2 6.565 2 0 P 0
L 6.56 1.355 6.56 1.365 0 P 0
L 6.56 1.675 6.56 1.685 0 P 0
L 6.56 1.835 6.56 1.845 0 P 0
L 6.56 1.995 6.56 2.005 0 P 0
L 6.595 1.76 6.605 1.76 0 P 0
L 6.595 1.92 6.605 1.92 0 P 0
L 6.595 2.08 6.605 2.08 0 P 0
L 6.6 1.755 6.6 1.765 0 P 0
L 6.6 1.915 6.6 1.925 0 P 0
L 6.6 2.075 6.6 2.085 0 P 0
